3
12 0.064000 
0.200000 0.200000 0.200000 0.200000 -0.200000 0.200000 0.200000 0.200000 -0.200000 0.160000 0.000000 0.000000
0.200000 -0.200000 0.200000 0.200000 -0.200000 -0.200000 0.200000 0.200000 -0.200000 0.160000 -0.000000 0.000000
-0.200000 0.200000 0.200000 -0.200000 -0.200000 0.200000 0.200000 -0.200000 0.200000 -0.000000 0.000000 0.160000
-0.200000 0.200000 0.200000 0.200000 -0.200000 0.200000 0.200000 0.200000 0.200000 -0.000000 0.000000 0.160000
-0.200000 0.200000 -0.200000 -0.200000 -0.200000 -0.200000 -0.200000 -0.200000 0.200000 -0.160000 0.000000 0.000000
-0.200000 0.200000 -0.200000 -0.200000 -0.200000 0.200000 -0.200000 0.200000 0.200000 -0.160000 0.000000 0.000000
0.200000 0.200000 -0.200000 0.200000 -0.200000 -0.200000 -0.200000 -0.200000 -0.200000 -0.000000 -0.000000 -0.160000
0.200000 0.200000 -0.200000 -0.200000 -0.200000 -0.200000 -0.200000 0.200000 -0.200000 -0.000000 0.000000 -0.160000
-0.200000 0.200000 -0.200000 -0.200000 0.200000 0.200000 0.200000 0.200000 0.200000 0.000000 0.160000 0.000000
-0.200000 0.200000 -0.200000 0.200000 0.200000 0.200000 0.200000 0.200000 -0.200000 -0.000000 0.160000 0.000000
-0.200000 -0.200000 -0.200000 0.200000 -0.200000 -0.200000 0.200000 -0.200000 0.200000 0.000000 -0.160000 0.000000
-0.200000 -0.200000 -0.200000 0.200000 -0.200000 0.200000 -0.200000 -0.200000 0.200000 0.000000 -0.160000 0.000000
12 0.128000 
0.400000 0.200000 0.200000 0.400000 -0.200000 0.200000 0.400000 0.200000 -0.200000 0.160000 0.000000 0.000000
0.400000 -0.200000 0.200000 0.400000 -0.200000 -0.200000 0.400000 0.200000 -0.200000 0.160000 -0.000000 0.000000
-0.400000 0.200000 0.200000 -0.400000 -0.200000 0.200000 0.400000 -0.200000 0.200000 -0.000000 0.000000 0.320000
-0.400000 0.200000 0.200000 0.400000 -0.200000 0.200000 0.400000 0.200000 0.200000 -0.000000 0.000000 0.320000
-0.400000 0.200000 -0.200000 -0.400000 -0.200000 -0.200000 -0.400000 -0.200000 0.200000 -0.160000 0.000000 0.000000
-0.400000 0.200000 -0.200000 -0.400000 -0.200000 0.200000 -0.400000 0.200000 0.200000 -0.160000 0.000000 0.000000
0.400000 0.200000 -0.200000 0.400000 -0.200000 -0.200000 -0.400000 -0.200000 -0.200000 -0.000000 -0.000000 -0.320000
0.400000 0.200000 -0.200000 -0.400000 -0.200000 -0.200000 -0.400000 0.200000 -0.200000 -0.000000 0.000000 -0.320000
-0.400000 0.200000 -0.200000 -0.400000 0.200000 0.200000 0.400000 0.200000 0.200000 0.000000 0.320000 0.000000
-0.400000 0.200000 -0.200000 0.400000 0.200000 0.200000 0.400000 0.200000 -0.200000 -0.000000 0.320000 0.000000
-0.400000 -0.200000 -0.200000 0.400000 -0.200000 -0.200000 0.400000 -0.200000 0.200000 0.000000 -0.320000 0.000000
-0.400000 -0.200000 -0.200000 0.400000 -0.200000 0.200000 -0.400000 -0.200000 0.200000 0.000000 -0.320000 0.000000
4 0.0075424
0.000000 0.244949 0.000000 0.200000 -0.081650 0.115470 0.000000 -0.081650 0.230940 -0.037712 -0.046188 -0.065320
-0.200000 -0.081650 0.115470 0.000000 -0.081650 0.230940 0.200000 -0.081650 0.115470 -0.000000 0.046188 0.000000
0.000000 0.244949 0.000000 -0.200000 -0.081650 0.115470 0.200000 -0.081650 0.115470 -0.000000 0.046188 0.130639
0.000000 0.244950 0.000000 0.000000 -0.081650 0.230940 -0.200000 -0.081650 0.115470 0.037712 -0.046188 -0.065320
