800 0.491666 0.340000 0.630000
0.000000 0.000000 0.600000 1 0.018423 0.070874 0.593299 1 0.000000 0.074521 0.593299 1 0.000024 0.000123 0.001373
0.000000 0.000000 0.600000 0 0.035042 0.060289 0.593299 1 0.018423 0.070874 0.593299 0 0.000071 0.000111 0.001373
0.000000 0.000000 0.600000 0 0.048231 0.043802 0.593299 1 0.035042 0.060289 0.593299 0 0.000110 0.000088 0.001373
0.000000 0.000000 0.600000 0 0.056699 0.023028 0.593299 1 0.048231 0.043802 0.593299 0 0.000139 0.000057 0.001373
0.000000 0.000000 0.600000 0 0.059617 -0.000000 0.593299 1 0.056699 0.023028 0.593299 0 0.000154 0.000020 0.001373
0.000000 0.000000 0.600000 0 0.056699 -0.023028 0.593299 1 0.059617 -0.000000 0.593299 0 0.000154 -0.000020 0.001373
0.000000 0.000000 0.600000 0 0.048231 -0.043802 0.593299 1 0.056699 -0.023028 0.593299 0 0.000139 -0.000057 0.001373
0.000000 0.000000 0.600000 0 0.035042 -0.060289 0.593299 1 0.048231 -0.043802 0.593299 0 0.000110 -0.000088 0.001373
0.000000 0.000000 0.600000 0 0.018423 -0.070874 0.593299 1 0.035042 -0.060289 0.593299 0 0.000071 -0.000111 0.001373
0.000000 0.000000 0.600000 0 -0.000000 -0.074521 0.593299 1 0.018423 -0.070874 0.593299 0 0.000024 -0.000123 0.001373
0.000000 0.000000 0.600000 0 -0.018423 -0.070874 0.593299 1 -0.000000 -0.074521 0.593299 0 -0.000024 -0.000123 0.001373
0.000000 0.000000 0.600000 0 -0.035042 -0.060289 0.593299 1 -0.018423 -0.070874 0.593299 0 -0.000071 -0.000111 0.001373
0.000000 0.000000 0.600000 0 -0.048231 -0.043802 0.593299 1 -0.035042 -0.060289 0.593299 0 -0.000110 -0.000088 0.001373
0.000000 0.000000 0.600000 0 -0.056699 -0.023028 0.593299 1 -0.048231 -0.043802 0.593299 0 -0.000139 -0.000057 0.001373
0.000000 0.000000 0.600000 0 -0.059617 0.000000 0.593299 1 -0.056699 -0.023028 0.593299 0 -0.000154 -0.000020 0.001373
0.000000 0.000000 0.600000 0 -0.056699 0.023028 0.593299 1 -0.059617 0.000000 0.593299 0 -0.000154 0.000020 0.001373
0.000000 0.000000 0.600000 0 -0.048231 0.043802 0.593299 1 -0.056699 0.023028 0.593299 0 -0.000139 0.000057 0.001373
0.000000 0.000000 0.600000 0 -0.035042 0.060289 0.593299 1 -0.048231 0.043802 0.593299 0 -0.000110 0.000088 0.001373
0.000000 0.000000 0.600000 0 -0.018423 0.070874 0.593299 1 -0.035042 0.060289 0.593299 0 -0.000071 0.000111 0.001373
0.000000 0.000000 0.600000 0 0.000000 0.074521 0.593299 0 -0.018423 0.070874 0.593299 0 -0.000024 0.000123 0.001373
0.000000 0.074521 -0.593298 1 0.018423 0.070874 -0.593298 1 0.000000 0.000000 -0.600000 1 0.000024 0.000123 -0.001373
0.018423 0.070874 -0.593298 0 0.035042 0.060289 -0.593298 1 0.000000 0.000000 -0.600000 0 0.000071 0.000111 -0.001373
0.035042 0.060289 -0.593298 0 0.048231 0.043802 -0.593298 1 0.000000 0.000000 -0.600000 0 0.000110 0.000088 -0.001373
0.048231 0.043802 -0.593298 0 0.056699 0.023028 -0.593298 1 0.000000 0.000000 -0.600000 0 0.000139 0.000057 -0.001373
0.056699 0.023028 -0.593298 0 0.059617 -0.000000 -0.593298 1 0.000000 0.000000 -0.600000 0 0.000154 0.000020 -0.001373
0.059617 -0.000000 -0.593298 0 0.056699 -0.023028 -0.593298 1 0.000000 0.000000 -0.600000 0 0.000154 -0.000020 -0.001373
0.056699 -0.023028 -0.593298 0 0.048231 -0.043802 -0.593298 1 0.000000 0.000000 -0.600000 0 0.000139 -0.000057 -0.001373
0.048231 -0.043802 -0.593298 0 0.035042 -0.060289 -0.593298 1 0.000000 0.000000 -0.600000 0 0.000110 -0.000088 -0.001373
0.035042 -0.060289 -0.593298 0 0.018423 -0.070874 -0.593298 1 0.000000 0.000000 -0.600000 0 0.000071 -0.000111 -0.001373
0.018423 -0.070874 -0.593298 0 -0.000000 -0.074521 -0.593298 1 0.000000 0.000000 -0.600000 0 0.000024 -0.000123 -0.001373
-0.000000 -0.074521 -0.593298 0 -0.018423 -0.070874 -0.593298 1 0.000000 0.000000 -0.600000 0 -0.000024 -0.000123 -0.001373
-0.018423 -0.070874 -0.593298 0 -0.035042 -0.060289 -0.593298 1 0.000000 0.000000 -0.600000 0 -0.000071 -0.000111 -0.001373
-0.035042 -0.060289 -0.593298 0 -0.048231 -0.043802 -0.593298 1 0.000000 0.000000 -0.600000 0 -0.000110 -0.000088 -0.001373
-0.048231 -0.043802 -0.593298 0 -0.056699 -0.023028 -0.593298 1 0.000000 0.000000 -0.600000 0 -0.000139 -0.000057 -0.001373
-0.056699 -0.023028 -0.593298 0 -0.059617 0.000000 -0.593298 1 0.000000 0.000000 -0.600000 0 -0.000154 -0.000020 -0.001373
-0.059617 0.000000 -0.593298 0 -0.056699 0.023028 -0.593298 1 0.000000 0.000000 -0.600000 0 -0.000154 0.000020 -0.001373
-0.056699 0.023028 -0.593298 0 -0.048231 0.043802 -0.593298 1 0.000000 0.000000 -0.600000 0 -0.000139 0.000057 -0.001373
-0.048231 0.043802 -0.593298 0 -0.035042 0.060289 -0.593298 1 0.000000 0.000000 -0.600000 0 -0.000110 0.000088 -0.001373
-0.035042 0.060289 -0.593298 0 -0.018423 0.070874 -0.593298 1 0.000000 0.000000 -0.600000 0 -0.000071 0.000111 -0.001373
-0.018423 0.070874 -0.593298 0 0.000000 0.074521 -0.593298 0 0.000000 0.000000 -0.600000 0 -0.000024 0.000123 -0.001373
0.000000 0.147378 -0.573344 1 0.036434 0.140164 -0.573344 1 0.018423 0.070874 -0.593298 0 0.000144 0.000727 -0.002654
0.000000 0.147378 -0.573344 0 0.018423 0.070874 -0.593298 0 0.000000 0.074521 -0.593298 0 0.000073 0.000368 -0.001342
0.036434 0.140164 -0.573344 0 0.069301 0.119231 -0.573344 1 0.035042 0.060289 -0.593298 0 0.000418 0.000656 -0.002654
0.036434 0.140164 -0.573344 0 0.035042 0.060289 -0.593298 0 0.018423 0.070874 -0.593298 0 0.000211 0.000332 -0.001342
0.069301 0.119231 -0.573344 0 0.095385 0.086626 -0.573344 1 0.048231 0.043802 -0.593298 0 0.000651 0.000520 -0.002654
0.069301 0.119231 -0.573344 0 0.048231 0.043802 -0.593298 0 0.035042 0.060289 -0.593298 0 0.000329 0.000263 -0.001342
0.095385 0.086626 -0.573344 0 0.112132 0.045542 -0.573344 1 0.056699 0.023028 -0.593298 0 0.000820 0.000334 -0.002654
0.095385 0.086626 -0.573344 0 0.056699 0.023028 -0.593298 0 0.048231 0.043802 -0.593298 0 0.000415 0.000169 -0.001342
0.112132 0.045542 -0.573344 0 0.117902 -0.000000 -0.573344 1 0.059617 -0.000000 -0.593298 0 0.000909 0.000115 -0.002654
0.112132 0.045542 -0.573344 0 0.059617 -0.000000 -0.593298 0 0.056699 0.023028 -0.593298 0 0.000460 0.000058 -0.001342
0.117902 -0.000000 -0.573344 0 0.112132 -0.045542 -0.573344 1 0.056699 -0.023028 -0.593298 0 0.000909 -0.000115 -0.002654
0.117902 -0.000000 -0.573344 0 0.056699 -0.023028 -0.593298 0 0.059617 -0.000000 -0.593298 0 0.000460 -0.000058 -0.001342
0.112132 -0.045542 -0.573344 0 0.095385 -0.086626 -0.573344 1 0.048231 -0.043802 -0.593298 0 0.000820 -0.000334 -0.002654
0.112132 -0.045542 -0.573344 0 0.048231 -0.043802 -0.593298 0 0.056699 -0.023028 -0.593298 0 0.000415 -0.000169 -0.001342
0.095385 -0.086626 -0.573344 0 0.069301 -0.119231 -0.573344 1 0.035042 -0.060289 -0.593298 0 0.000651 -0.000520 -0.002654
0.095385 -0.086626 -0.573344 0 0.035042 -0.060289 -0.593298 0 0.048231 -0.043802 -0.593298 0 0.000329 -0.000263 -0.001342
0.069301 -0.119231 -0.573344 0 0.036434 -0.140164 -0.573344 1 0.018423 -0.070874 -0.593298 0 0.000418 -0.000656 -0.002654
0.069301 -0.119231 -0.573344 0 0.018423 -0.070874 -0.593298 0 0.035042 -0.060289 -0.593298 0 0.000211 -0.000332 -0.001342
0.036434 -0.140164 -0.573344 0 -0.000000 -0.147378 -0.573344 1 -0.000000 -0.074521 -0.593298 0 0.000144 -0.000727 -0.002654
0.036434 -0.140164 -0.573344 0 -0.000000 -0.074521 -0.593298 0 0.018423 -0.070874 -0.593298 0 0.000073 -0.000368 -0.001342
-0.000000 -0.147378 -0.573344 0 -0.036434 -0.140164 -0.573344 1 -0.018423 -0.070874 -0.593298 0 -0.000144 -0.000727 -0.002654
-0.000000 -0.147378 -0.573344 0 -0.018423 -0.070874 -0.593298 0 -0.000000 -0.074521 -0.593298 0 -0.000073 -0.000368 -0.001342
-0.036434 -0.140164 -0.573344 0 -0.069301 -0.119231 -0.573344 1 -0.035042 -0.060289 -0.593298 0 -0.000418 -0.000656 -0.002654
-0.036434 -0.140164 -0.573344 0 -0.035042 -0.060289 -0.593298 0 -0.018423 -0.070874 -0.593298 0 -0.000211 -0.000332 -0.001342
-0.069301 -0.119231 -0.573344 0 -0.095385 -0.086626 -0.573344 1 -0.048231 -0.043802 -0.593298 0 -0.000651 -0.000520 -0.002654
-0.069301 -0.119231 -0.573344 0 -0.048231 -0.043802 -0.593298 0 -0.035042 -0.060289 -0.593298 0 -0.000329 -0.000263 -0.001342
-0.095385 -0.086626 -0.573344 0 -0.112132 -0.045542 -0.573344 1 -0.056699 -0.023028 -0.593298 0 -0.000820 -0.000334 -0.002654
-0.095385 -0.086626 -0.573344 0 -0.056699 -0.023028 -0.593298 0 -0.048231 -0.043802 -0.593298 0 -0.000415 -0.000169 -0.001342
-0.112132 -0.045542 -0.573344 0 -0.117902 0.000000 -0.573344 1 -0.059617 0.000000 -0.593298 0 -0.000909 -0.000115 -0.002654
-0.112132 -0.045542 -0.573344 0 -0.059617 0.000000 -0.593298 0 -0.056699 -0.023028 -0.593298 0 -0.000460 -0.000058 -0.001342
-0.117902 0.000000 -0.573344 0 -0.112132 0.045542 -0.573344 1 -0.056699 0.023028 -0.593298 0 -0.000909 0.000115 -0.002654
-0.117902 0.000000 -0.573344 0 -0.056699 0.023028 -0.593298 0 -0.059617 0.000000 -0.593298 0 -0.000460 0.000058 -0.001342
-0.112132 0.045542 -0.573344 0 -0.095385 0.086626 -0.573344 1 -0.048231 0.043802 -0.593298 0 -0.000820 0.000334 -0.002654
-0.112132 0.045542 -0.573344 0 -0.048231 0.043802 -0.593298 0 -0.056699 0.023028 -0.593298 0 -0.000415 0.000169 -0.001342
-0.095385 0.086626 -0.573344 0 -0.069301 0.119231 -0.573344 1 -0.035042 0.060289 -0.593298 0 -0.000651 0.000520 -0.002654
-0.095385 0.086626 -0.573344 0 -0.035042 0.060289 -0.593298 0 -0.048231 0.043802 -0.593298 0 -0.000329 0.000263 -0.001342
-0.069301 0.119231 -0.573344 0 -0.036434 0.140164 -0.573344 1 -0.018423 0.070874 -0.593298 0 -0.000418 0.000656 -0.002654
-0.069301 0.119231 -0.573344 0 -0.018423 0.070874 -0.593298 0 -0.035042 0.060289 -0.593298 0 -0.000211 0.000332 -0.001342
-0.036434 0.140164 -0.573344 0 0.000000 0.147378 -0.573344 0 0.000000 0.074521 -0.593298 0 -0.000144 0.000727 -0.002654
-0.036434 0.140164 -0.573344 0 0.000000 0.074521 -0.593298 0 -0.018423 0.070874 -0.593298 0 -0.000073 0.000368 -0.001342
0.000000 0.216942 -0.540581 1 0.053631 0.206324 -0.540581 1 0.036434 0.140164 -0.573344 0 0.000348 0.001757 -0.003731
0.000000 0.216942 -0.540581 0 0.036434 0.140164 -0.573344 0 0.000000 0.147378 -0.573344 0 0.000236 0.001194 -0.002534
0.053631 0.206324 -0.540581 0 0.102012 0.175510 -0.540581 1 0.069301 0.119231 -0.573344 0 0.001010 0.001585 -0.003731
0.053631 0.206324 -0.540581 0 0.069301 0.119231 -0.573344 0 0.036434 0.140164 -0.573344 0 0.000686 0.001077 -0.002534
0.102012 0.175510 -0.540581 0 0.140408 0.127515 -0.540581 1 0.095385 0.086626 -0.573344 0 0.001572 0.001258 -0.003731
0.102012 0.175510 -0.540581 0 0.095385 0.086626 -0.573344 0 0.069301 0.119231 -0.573344 0 0.001068 0.000855 -0.002535
0.140408 0.127515 -0.540581 0 0.165059 0.067039 -0.540581 1 0.112132 0.045542 -0.573344 0 0.001981 0.000808 -0.003731
0.140408 0.127515 -0.540581 0 0.112132 0.045542 -0.573344 0 0.095385 0.086626 -0.573344 0 0.001346 0.000549 -0.002534
0.165059 0.067039 -0.540581 0 0.173554 -0.000000 -0.540581 1 0.117902 -0.000000 -0.573344 0 0.002196 0.000278 -0.003731
0.165059 0.067039 -0.540581 0 0.117902 -0.000000 -0.573344 0 0.112132 0.045542 -0.573344 0 0.001492 0.000189 -0.002534
0.173554 -0.000000 -0.540581 0 0.165059 -0.067039 -0.540581 1 0.112132 -0.045542 -0.573344 0 0.002196 -0.000278 -0.003731
0.173554 -0.000000 -0.540581 0 0.112132 -0.045542 -0.573344 0 0.117902 -0.000000 -0.573344 0 0.001492 -0.000189 -0.002535
0.165059 -0.067039 -0.540581 0 0.140408 -0.127515 -0.540581 1 0.095385 -0.086626 -0.573344 0 0.001981 -0.000808 -0.003731
0.165059 -0.067039 -0.540581 0 0.095385 -0.086626 -0.573344 0 0.112132 -0.045542 -0.573344 0 0.001346 -0.000549 -0.002534
0.140408 -0.127515 -0.540581 0 0.102012 -0.175510 -0.540581 1 0.069301 -0.119231 -0.573344 0 0.001572 -0.001258 -0.003731
0.140408 -0.127515 -0.540581 0 0.069301 -0.119231 -0.573344 0 0.095385 -0.086626 -0.573344 0 0.001068 -0.000855 -0.002535
0.102012 -0.175510 -0.540581 0 0.053631 -0.206324 -0.540581 1 0.036434 -0.140164 -0.573344 0 0.001010 -0.001585 -0.003731
0.102012 -0.175510 -0.540581 0 0.036434 -0.140164 -0.573344 0 0.069301 -0.119231 -0.573344 0 0.000686 -0.001077 -0.002534
0.053631 -0.206324 -0.540581 0 -0.000000 -0.216942 -0.540581 1 -0.000000 -0.147378 -0.573344 0 0.000348 -0.001757 -0.003731
0.053631 -0.206324 -0.540581 0 -0.000000 -0.147378 -0.573344 0 0.036434 -0.140164 -0.573344 0 0.000236 -0.001194 -0.002535
-0.000000 -0.216942 -0.540581 0 -0.053631 -0.206324 -0.540581 1 -0.036434 -0.140164 -0.573344 0 -0.000348 -0.001757 -0.003731
-0.000000 -0.216942 -0.540581 0 -0.036434 -0.140164 -0.573344 0 -0.000000 -0.147378 -0.573344 0 -0.000236 -0.001194 -0.002534
-0.053631 -0.206324 -0.540581 0 -0.102012 -0.175510 -0.540581 1 -0.069301 -0.119231 -0.573344 0 -0.001010 -0.001585 -0.003731
-0.053631 -0.206324 -0.540581 0 -0.069301 -0.119231 -0.573344 0 -0.036434 -0.140164 -0.573344 0 -0.000686 -0.001077 -0.002534
-0.102012 -0.175510 -0.540581 0 -0.140408 -0.127515 -0.540581 1 -0.095385 -0.086626 -0.573344 0 -0.001572 -0.001258 -0.003731
-0.102012 -0.175510 -0.540581 0 -0.095385 -0.086626 -0.573344 0 -0.069301 -0.119231 -0.573344 0 -0.001068 -0.000855 -0.002535
-0.140408 -0.127515 -0.540581 0 -0.165059 -0.067039 -0.540581 1 -0.112132 -0.045542 -0.573344 0 -0.001981 -0.000808 -0.003731
-0.140408 -0.127515 -0.540581 0 -0.112132 -0.045542 -0.573344 0 -0.095385 -0.086626 -0.573344 0 -0.001346 -0.000549 -0.002534
-0.165059 -0.067039 -0.540581 0 -0.173554 0.000000 -0.540581 1 -0.117902 0.000000 -0.573344 0 -0.002196 -0.000278 -0.003731
-0.165059 -0.067039 -0.540581 0 -0.117902 0.000000 -0.573344 0 -0.112132 -0.045542 -0.573344 0 -0.001492 -0.000189 -0.002534
-0.173554 0.000000 -0.540581 0 -0.165059 0.067039 -0.540581 1 -0.112132 0.045542 -0.573344 0 -0.002196 0.000278 -0.003731
-0.173554 0.000000 -0.540581 0 -0.112132 0.045542 -0.573344 0 -0.117902 0.000000 -0.573344 0 -0.001492 0.000189 -0.002535
-0.165059 0.067039 -0.540581 0 -0.140408 0.127515 -0.540581 1 -0.095385 0.086626 -0.573344 0 -0.001981 0.000808 -0.003731
-0.165059 0.067039 -0.540581 0 -0.095385 0.086626 -0.573344 0 -0.112132 0.045542 -0.573344 0 -0.001346 0.000549 -0.002534
-0.140408 0.127515 -0.540581 0 -0.102012 0.175510 -0.540581 1 -0.069301 0.119231 -0.573344 0 -0.001572 0.001258 -0.003731
-0.140408 0.127515 -0.540581 0 -0.069301 0.119231 -0.573344 0 -0.095385 0.086626 -0.573344 0 -0.001068 0.000855 -0.002535
-0.102012 0.175510 -0.540581 0 -0.053631 0.206324 -0.540581 1 -0.036434 0.140164 -0.573344 0 -0.001010 0.001585 -0.003731
-0.102012 0.175510 -0.540581 0 -0.036434 0.140164 -0.573344 0 -0.069301 0.119231 -0.573344 0 -0.000686 0.001077 -0.002534
-0.053631 0.206324 -0.540581 0 0.000000 0.216942 -0.540581 0 0.000000 0.147378 -0.573344 0 -0.000348 0.001757 -0.003731
-0.053631 0.206324 -0.540581 0 0.000000 0.147378 -0.573344 0 -0.036434 0.140164 -0.573344 0 -0.000236 0.001194 -0.002535
0.000000 0.281660 -0.495743 1 0.069630 0.267875 -0.495743 1 0.053631 0.206324 -0.540581 0 0.000618 0.003122 -0.004506
0.000000 0.281660 -0.495743 0 0.053631 0.206324 -0.540581 0 0.000000 0.216942 -0.540581 0 0.000476 0.002405 -0.003471
0.069630 0.267875 -0.495743 0 0.132445 0.227868 -0.495743 1 0.102012 0.175510 -0.540581 0 0.001794 0.002816 -0.004506
0.069630 0.267875 -0.495743 0 0.102012 0.175510 -0.540581 0 0.053631 0.206324 -0.540581 0 0.001382 0.002169 -0.003471
0.132445 0.227868 -0.495743 0 0.182294 0.165556 -0.495743 1 0.140408 0.127515 -0.540581 0 0.002794 0.002235 -0.004506
0.132445 0.227868 -0.495743 0 0.140408 0.127515 -0.540581 0 0.102012 0.175510 -0.540581 0 0.002152 0.001722 -0.003471
0.182294 0.165556 -0.495743 0 0.214300 0.087038 -0.495743 1 0.165059 0.067039 -0.540581 0 0.003521 0.001435 -0.004506
0.182294 0.165556 -0.495743 0 0.165059 0.067039 -0.540581 0 0.140408 0.127515 -0.540581 0 0.002712 0.001105 -0.003471
0.214300 0.087038 -0.495743 0 0.225328 -0.000000 -0.495743 1 0.173554 -0.000000 -0.540581 0 0.003903 0.000494 -0.004506
0.214300 0.087038 -0.495743 0 0.173554 -0.000000 -0.540581 0 0.165059 0.067039 -0.540581 0 0.003006 0.000381 -0.003471
0.225328 -0.000000 -0.495743 0 0.214300 -0.087038 -0.495743 1 0.165059 -0.067039 -0.540581 0 0.003903 -0.000494 -0.004506
0.225328 -0.000000 -0.495743 0 0.165059 -0.067039 -0.540581 0 0.173554 -0.000000 -0.540581 0 0.003006 -0.000381 -0.003471
0.214300 -0.087038 -0.495743 0 0.182294 -0.165556 -0.495743 1 0.140408 -0.127515 -0.540581 0 0.003521 -0.001435 -0.004506
0.214300 -0.087038 -0.495743 0 0.140408 -0.127515 -0.540581 0 0.165059 -0.067039 -0.540581 0 0.002712 -0.001105 -0.003471
0.182294 -0.165556 -0.495743 0 0.132444 -0.227868 -0.495743 1 0.102012 -0.175510 -0.540581 0 0.002794 -0.002235 -0.004506
0.182294 -0.165556 -0.495743 0 0.102012 -0.175510 -0.540581 0 0.140408 -0.127515 -0.540581 0 0.002152 -0.001722 -0.003471
0.132444 -0.227868 -0.495743 0 0.069630 -0.267875 -0.495743 1 0.053631 -0.206324 -0.540581 0 0.001794 -0.002816 -0.004506
0.132444 -0.227868 -0.495743 0 0.053631 -0.206324 -0.540581 0 0.102012 -0.175510 -0.540581 0 0.001382 -0.002169 -0.003471
0.069630 -0.267875 -0.495743 0 -0.000000 -0.281660 -0.495743 1 -0.000000 -0.216942 -0.540581 0 0.000618 -0.003122 -0.004506
0.069630 -0.267875 -0.495743 0 -0.000000 -0.216942 -0.540581 0 0.053631 -0.206324 -0.540581 0 0.000476 -0.002405 -0.003471
-0.000000 -0.281660 -0.495743 0 -0.069630 -0.267875 -0.495743 1 -0.053631 -0.206324 -0.540581 0 -0.000618 -0.003122 -0.004506
-0.000000 -0.281660 -0.495743 0 -0.053631 -0.206324 -0.540581 0 -0.000000 -0.216942 -0.540581 0 -0.000476 -0.002405 -0.003471
-0.069630 -0.267875 -0.495743 0 -0.132445 -0.227868 -0.495743 1 -0.102012 -0.175510 -0.540581 0 -0.001794 -0.002816 -0.004506
-0.069630 -0.267875 -0.495743 0 -0.102012 -0.175510 -0.540581 0 -0.053631 -0.206324 -0.540581 0 -0.001382 -0.002169 -0.003471
-0.132445 -0.227868 -0.495743 0 -0.182294 -0.165556 -0.495743 1 -0.140408 -0.127515 -0.540581 0 -0.002794 -0.002235 -0.004506
-0.132445 -0.227868 -0.495743 0 -0.140408 -0.127515 -0.540581 0 -0.102012 -0.175510 -0.540581 0 -0.002152 -0.001722 -0.003471
-0.182294 -0.165556 -0.495743 0 -0.214300 -0.087038 -0.495743 1 -0.165059 -0.067039 -0.540581 0 -0.003521 -0.001435 -0.004506
-0.182294 -0.165556 -0.495743 0 -0.165059 -0.067039 -0.540581 0 -0.140408 -0.127515 -0.540581 0 -0.002712 -0.001105 -0.003471
-0.214300 -0.087038 -0.495743 0 -0.225328 0.000000 -0.495743 1 -0.173554 0.000000 -0.540581 0 -0.003903 -0.000494 -0.004506
-0.214300 -0.087038 -0.495743 0 -0.173554 0.000000 -0.540581 0 -0.165059 -0.067039 -0.540581 0 -0.003006 -0.000381 -0.003471
-0.225328 0.000000 -0.495743 0 -0.214300 0.087038 -0.495743 1 -0.165059 0.067039 -0.540581 0 -0.003903 0.000494 -0.004506
-0.225328 0.000000 -0.495743 0 -0.165059 0.067039 -0.540581 0 -0.173554 0.000000 -0.540581 0 -0.003006 0.000381 -0.003471
-0.214300 0.087038 -0.495743 0 -0.182294 0.165556 -0.495743 1 -0.140408 0.127515 -0.540581 0 -0.003521 0.001435 -0.004506
-0.214300 0.087038 -0.495743 0 -0.140408 0.127515 -0.540581 0 -0.165059 0.067039 -0.540581 0 -0.002712 0.001105 -0.003471
-0.182294 0.165556 -0.495743 0 -0.132444 0.227868 -0.495743 1 -0.102012 0.175510 -0.540581 0 -0.002794 0.002235 -0.004506
-0.182294 0.165556 -0.495743 0 -0.102012 0.175510 -0.540581 0 -0.140408 0.127515 -0.540581 0 -0.002152 0.001722 -0.003471
-0.132444 0.227868 -0.495743 0 -0.069630 0.267875 -0.495743 1 -0.053631 0.206324 -0.540581 0 -0.001794 0.002816 -0.004506
-0.132444 0.227868 -0.495743 0 -0.053631 0.206324 -0.540581 0 -0.102012 0.175510 -0.540581 0 -0.001382 0.002169 -0.003471
-0.069630 0.267875 -0.495743 0 0.000000 0.281660 -0.495743 0 0.000000 0.216942 -0.540581 0 -0.000618 0.003122 -0.004506
-0.069630 0.267875 -0.495743 0 0.000000 0.216942 -0.540581 0 -0.053631 0.206324 -0.540581 0 -0.000476 0.002405 -0.003471
0.000000 0.340086 -0.439831 1 0.084074 0.323441 -0.439831 1 0.069630 0.267875 -0.495743 0 0.000931 0.004701 -0.004912
0.000000 0.340086 -0.439831 0 0.069630 0.267875 -0.495743 0 0.000000 0.281660 -0.495743 0 0.000771 0.003893 -0.004068
0.084074 0.323441 -0.439831 0 0.159918 0.275136 -0.439831 1 0.132445 0.227868 -0.495743 0 0.002701 0.004241 -0.004912
0.084074 0.323441 -0.439831 0 0.132445 0.227868 -0.495743 0 0.069630 0.267875 -0.495743 0 0.002237 0.003512 -0.004068
0.159918 0.275136 -0.439831 0 0.220109 0.199898 -0.439831 1 0.182294 0.165556 -0.495743 0 0.004207 0.003365 -0.004912
0.159918 0.275136 -0.439831 0 0.182294 0.165556 -0.495743 0 0.132445 0.227868 -0.495743 0 0.003484 0.002787 -0.004068
0.220109 0.199898 -0.439831 0 0.258753 0.105092 -0.439831 1 0.214300 0.087038 -0.495743 0 0.005301 0.002161 -0.004912
0.220109 0.199898 -0.439831 0 0.214300 0.087038 -0.495743 0 0.182294 0.165556 -0.495743 0 0.004390 0.001790 -0.004068
0.258753 0.105092 -0.439831 0 0.272069 -0.000000 -0.439831 1 0.225328 -0.000000 -0.495743 0 0.005876 0.000745 -0.004912
0.258753 0.105092 -0.439831 0 0.225328 -0.000000 -0.495743 0 0.214300 0.087038 -0.495743 0 0.004866 0.000617 -0.004068
0.272069 -0.000000 -0.439831 0 0.258753 -0.105092 -0.439831 1 0.214300 -0.087038 -0.495743 0 0.005876 -0.000745 -0.004912
0.272069 -0.000000 -0.439831 0 0.214300 -0.087038 -0.495743 0 0.225328 -0.000000 -0.495743 0 0.004866 -0.000617 -0.004068
0.258753 -0.105092 -0.439831 0 0.220109 -0.199898 -0.439831 1 0.182294 -0.165556 -0.495743 0 0.005301 -0.002161 -0.004912
0.258753 -0.105092 -0.439831 0 0.182294 -0.165556 -0.495743 0 0.214300 -0.087038 -0.495743 0 0.004390 -0.001790 -0.004068
0.220109 -0.199898 -0.439831 0 0.159918 -0.275136 -0.439831 1 0.132444 -0.227868 -0.495743 0 0.004207 -0.003365 -0.004912
0.220109 -0.199898 -0.439831 0 0.132444 -0.227868 -0.495743 0 0.182294 -0.165556 -0.495743 0 0.003484 -0.002787 -0.004068
0.159918 -0.275136 -0.439831 0 0.084074 -0.323441 -0.439831 1 0.069630 -0.267875 -0.495743 0 0.002701 -0.004241 -0.004912
0.159918 -0.275136 -0.439831 0 0.069630 -0.267875 -0.495743 0 0.132444 -0.227868 -0.495743 0 0.002237 -0.003512 -0.004068
0.084074 -0.323441 -0.439831 0 -0.000000 -0.340086 -0.439831 1 -0.000000 -0.281660 -0.495743 0 0.000931 -0.004701 -0.004912
0.084074 -0.323441 -0.439831 0 -0.000000 -0.281660 -0.495743 0 0.069630 -0.267875 -0.495743 0 0.000771 -0.003893 -0.004068
-0.000000 -0.340086 -0.439831 0 -0.084074 -0.323441 -0.439831 1 -0.069630 -0.267875 -0.495743 0 -0.000931 -0.004701 -0.004912
-0.000000 -0.340086 -0.439831 0 -0.069630 -0.267875 -0.495743 0 -0.000000 -0.281660 -0.495743 0 -0.000771 -0.003893 -0.004068
-0.084074 -0.323441 -0.439831 0 -0.159918 -0.275136 -0.439831 1 -0.132445 -0.227868 -0.495743 0 -0.002701 -0.004241 -0.004912
-0.084074 -0.323441 -0.439831 0 -0.132445 -0.227868 -0.495743 0 -0.069630 -0.267875 -0.495743 0 -0.002237 -0.003512 -0.004068
-0.159918 -0.275136 -0.439831 0 -0.220109 -0.199898 -0.439831 1 -0.182294 -0.165556 -0.495743 0 -0.004207 -0.003365 -0.004912
-0.159918 -0.275136 -0.439831 0 -0.182294 -0.165556 -0.495743 0 -0.132445 -0.227868 -0.495743 0 -0.003484 -0.002787 -0.004068
-0.220109 -0.199898 -0.439831 0 -0.258753 -0.105093 -0.439831 1 -0.214300 -0.087038 -0.495743 0 -0.005301 -0.002161 -0.004912
-0.220109 -0.199898 -0.439831 0 -0.214300 -0.087038 -0.495743 0 -0.182294 -0.165556 -0.495743 0 -0.004390 -0.001790 -0.004068
-0.258753 -0.105093 -0.439831 0 -0.272069 0.000000 -0.439831 1 -0.225328 0.000000 -0.495743 0 -0.005876 -0.000745 -0.004912
-0.258753 -0.105093 -0.439831 0 -0.225328 0.000000 -0.495743 0 -0.214300 -0.087038 -0.495743 0 -0.004866 -0.000617 -0.004068
-0.272069 0.000000 -0.439831 0 -0.258753 0.105093 -0.439831 1 -0.214300 0.087038 -0.495743 0 -0.005876 0.000745 -0.004912
-0.272069 0.000000 -0.439831 0 -0.214300 0.087038 -0.495743 0 -0.225328 0.000000 -0.495743 0 -0.004866 0.000617 -0.004068
-0.258753 0.105093 -0.439831 0 -0.220108 0.199898 -0.439831 1 -0.182294 0.165556 -0.495743 0 -0.005301 0.002161 -0.004912
-0.258753 0.105093 -0.439831 0 -0.182294 0.165556 -0.495743 0 -0.214300 0.087038 -0.495743 0 -0.004390 0.001790 -0.004068
-0.220108 0.199898 -0.439831 0 -0.159918 0.275136 -0.439831 1 -0.132444 0.227868 -0.495743 0 -0.004207 0.003365 -0.004912
-0.220108 0.199898 -0.439831 0 -0.132444 0.227868 -0.495743 0 -0.182294 0.165556 -0.495743 0 -0.003484 0.002787 -0.004068
-0.159918 0.275136 -0.439831 0 -0.084074 0.323441 -0.439831 1 -0.069630 0.267875 -0.495743 0 -0.002701 0.004241 -0.004912
-0.159918 0.275136 -0.439831 0 -0.069630 0.267875 -0.495743 0 -0.132444 0.227868 -0.495743 0 -0.002237 0.003512 -0.004068
-0.084074 0.323441 -0.439831 0 0.000000 0.340086 -0.439831 0 0.000000 0.281660 -0.495743 0 -0.000931 0.004701 -0.004912
-0.084074 0.323441 -0.439831 0 0.000000 0.281660 -0.495743 0 -0.069630 0.267875 -0.495743 0 -0.000771 0.003893 -0.004068
0.000000 0.390916 -0.374094 1 0.096640 0.371783 -0.374094 1 0.084074 0.323441 -0.439831 0 0.001258 0.006353 -0.004912
0.000000 0.390916 -0.374094 0 0.084074 0.323441 -0.439831 0 0.000000 0.340086 -0.439831 0 0.001094 0.005527 -0.004273
0.096640 0.371783 -0.374094 0 0.183820 0.316257 -0.374094 1 0.159918 0.275136 -0.439831 0 0.003650 0.005731 -0.004912
0.096640 0.371783 -0.374094 0 0.159918 0.275136 -0.439831 0 0.084074 0.323441 -0.439831 0 0.003175 0.004986 -0.004273
0.183820 0.316257 -0.374094 0 0.253006 0.229775 -0.374094 1 0.220109 0.199898 -0.439831 0 0.005685 0.004548 -0.004912
0.183820 0.316257 -0.374094 0 0.220109 0.199898 -0.439831 0 0.159918 0.275136 -0.439831 0 0.004946 0.003957 -0.004273
0.253006 0.229775 -0.374094 0 0.297426 0.120800 -0.374094 1 0.258753 0.105092 -0.439831 0 0.007164 0.002920 -0.004912
0.253006 0.229775 -0.374094 0 0.258753 0.105092 -0.439831 0 0.220109 0.199898 -0.439831 0 0.006232 0.002540 -0.004273
0.297426 0.120800 -0.374094 0 0.312733 -0.000000 -0.374094 1 0.272069 -0.000000 -0.439831 0 0.007941 0.001006 -0.004912
0.297426 0.120800 -0.374094 0 0.272069 -0.000000 -0.439831 0 0.258753 0.105092 -0.439831 0 0.006908 0.000875 -0.004273
0.312733 -0.000000 -0.374094 0 0.297426 -0.120800 -0.374094 1 0.258753 -0.105092 -0.439831 0 0.007941 -0.001006 -0.004912
0.312733 -0.000000 -0.374094 0 0.258753 -0.105092 -0.439831 0 0.272069 -0.000000 -0.439831 0 0.006908 -0.000875 -0.004273
0.297426 -0.120800 -0.374094 0 0.253006 -0.229774 -0.374094 1 0.220109 -0.199898 -0.439831 0 0.007164 -0.002920 -0.004912
0.297426 -0.120800 -0.374094 0 0.220109 -0.199898 -0.439831 0 0.258753 -0.105092 -0.439831 0 0.006232 -0.002540 -0.004273
0.253006 -0.229774 -0.374094 0 0.183820 -0.316258 -0.374094 1 0.159918 -0.275136 -0.439831 0 0.005685 -0.004548 -0.004912
0.253006 -0.229774 -0.374094 0 0.159918 -0.275136 -0.439831 0 0.220109 -0.199898 -0.439831 0 0.004946 -0.003957 -0.004273
0.183820 -0.316258 -0.374094 0 0.096640 -0.371783 -0.374094 1 0.084074 -0.323441 -0.439831 0 0.003650 -0.005731 -0.004912
0.183820 -0.316258 -0.374094 0 0.084074 -0.323441 -0.439831 0 0.159918 -0.275136 -0.439831 0 0.003175 -0.004986 -0.004273
0.096640 -0.371783 -0.374094 0 -0.000000 -0.390916 -0.374094 1 -0.000000 -0.340086 -0.439831 0 0.001258 -0.006353 -0.004912
0.096640 -0.371783 -0.374094 0 -0.000000 -0.340086 -0.439831 0 0.084074 -0.323441 -0.439831 0 0.001094 -0.005527 -0.004273
-0.000000 -0.390916 -0.374094 0 -0.096640 -0.371783 -0.374094 1 -0.084074 -0.323441 -0.439831 0 -0.001258 -0.006353 -0.004912
-0.000000 -0.390916 -0.374094 0 -0.084074 -0.323441 -0.439831 0 -0.000000 -0.340086 -0.439831 0 -0.001094 -0.005527 -0.004273
-0.096640 -0.371783 -0.374094 0 -0.183820 -0.316257 -0.374094 1 -0.159918 -0.275136 -0.439831 0 -0.003650 -0.005731 -0.004912
-0.096640 -0.371783 -0.374094 0 -0.159918 -0.275136 -0.439831 0 -0.084074 -0.323441 -0.439831 0 -0.003175 -0.004986 -0.004273
-0.183820 -0.316257 -0.374094 0 -0.253006 -0.229774 -0.374094 1 -0.220109 -0.199898 -0.439831 0 -0.005685 -0.004548 -0.004912
-0.183820 -0.316257 -0.374094 0 -0.220109 -0.199898 -0.439831 0 -0.159918 -0.275136 -0.439831 0 -0.004946 -0.003957 -0.004273
-0.253006 -0.229774 -0.374094 0 -0.297426 -0.120800 -0.374094 1 -0.258753 -0.105093 -0.439831 0 -0.007164 -0.002920 -0.004912
-0.253006 -0.229774 -0.374094 0 -0.258753 -0.105093 -0.439831 0 -0.220109 -0.199898 -0.439831 0 -0.006232 -0.002540 -0.004273
-0.297426 -0.120800 -0.374094 0 -0.312733 0.000000 -0.374094 1 -0.272069 0.000000 -0.439831 0 -0.007941 -0.001006 -0.004912
-0.297426 -0.120800 -0.374094 0 -0.272069 0.000000 -0.439831 0 -0.258753 -0.105093 -0.439831 0 -0.006908 -0.000875 -0.004273
-0.312733 0.000000 -0.374094 0 -0.297426 0.120800 -0.374094 1 -0.258753 0.105093 -0.439831 0 -0.007941 0.001006 -0.004912
-0.312733 0.000000 -0.374094 0 -0.258753 0.105093 -0.439831 0 -0.272069 0.000000 -0.439831 0 -0.006908 0.000875 -0.004274
-0.297426 0.120800 -0.374094 0 -0.253006 0.229775 -0.374094 1 -0.220108 0.199898 -0.439831 0 -0.007164 0.002920 -0.004912
-0.297426 0.120800 -0.374094 0 -0.220108 0.199898 -0.439831 0 -0.258753 0.105093 -0.439831 0 -0.006232 0.002540 -0.004273
-0.253006 0.229775 -0.374094 0 -0.183820 0.316258 -0.374094 1 -0.159918 0.275136 -0.439831 0 -0.005685 0.004548 -0.004912
-0.253006 0.229775 -0.374094 0 -0.159918 0.275136 -0.439831 0 -0.220108 0.199898 -0.439831 0 -0.004946 0.003957 -0.004273
-0.183820 0.316258 -0.374094 0 -0.096640 0.371783 -0.374094 1 -0.084074 0.323441 -0.439831 0 -0.003650 0.005731 -0.004912
-0.183820 0.316258 -0.374094 0 -0.084074 0.323441 -0.439831 0 -0.159918 0.275136 -0.439831 0 -0.003175 0.004986 -0.004273
-0.096640 0.371783 -0.374094 0 0.000000 0.390916 -0.374094 0 0.000000 0.340086 -0.439831 0 -0.001258 0.006353 -0.004912
-0.096640 0.371783 -0.374094 0 0.000000 0.340086 -0.439831 0 -0.084074 0.323441 -0.439831 0 -0.001094 0.005527 -0.004273
0.000000 0.433013 -0.300000 1 0.107047 0.411820 -0.300000 1 0.096640 0.371783 -0.374094 0 0.001570 0.007932 -0.004506
0.000000 0.433013 -0.300000 0 0.096640 0.371783 -0.374094 0 0.000000 0.390916 -0.374094 0 0.001418 0.007160 -0.004068
0.107047 0.411820 -0.300000 0 0.203615 0.350315 -0.300000 1 0.183820 0.316257 -0.374094 0 0.004557 0.007155 -0.004506
0.107047 0.411820 -0.300000 0 0.183820 0.316257 -0.374094 0 0.096640 0.371783 -0.374094 0 0.004114 0.006460 -0.004068
0.203615 0.350315 -0.300000 0 0.280252 0.254518 -0.300000 1 0.253006 0.229775 -0.374094 0 0.007098 0.005678 -0.004506
0.203615 0.350315 -0.300000 0 0.253006 0.229775 -0.374094 0 0.183820 0.316257 -0.374094 0 0.006408 0.005126 -0.004068
0.280252 0.254518 -0.300000 0 0.329456 0.133808 -0.300000 1 0.297426 0.120800 -0.374094 0 0.008944 0.003646 -0.004506
0.280252 0.254518 -0.300000 0 0.297426 0.120800 -0.374094 0 0.253006 0.229775 -0.374094 0 0.008074 0.003291 -0.004068
0.329456 0.133808 -0.300000 0 0.346410 -0.000000 -0.300000 1 0.312733 -0.000000 -0.374094 0 0.009914 0.001256 -0.004506
0.329456 0.133808 -0.300000 0 0.312733 -0.000000 -0.374094 0 0.297426 0.120800 -0.374094 0 0.008951 0.001134 -0.004068
0.346410 -0.000000 -0.300000 0 0.329456 -0.133808 -0.300000 1 0.297426 -0.120800 -0.374094 0 0.009914 -0.001256 -0.004506
0.346410 -0.000000 -0.300000 0 0.297426 -0.120800 -0.374094 0 0.312733 -0.000000 -0.374094 0 0.008951 -0.001134 -0.004068
0.329456 -0.133808 -0.300000 0 0.280252 -0.254518 -0.300000 1 0.253006 -0.229774 -0.374094 0 0.008944 -0.003646 -0.004506
0.329456 -0.133808 -0.300000 0 0.253006 -0.229774 -0.374094 0 0.297426 -0.120800 -0.374094 0 0.008074 -0.003291 -0.004068
0.280252 -0.254518 -0.300000 0 0.203615 -0.350315 -0.300000 1 0.183820 -0.316258 -0.374094 0 0.007098 -0.005678 -0.004506
0.280252 -0.254518 -0.300000 0 0.183820 -0.316258 -0.374094 0 0.253006 -0.229774 -0.374094 0 0.006408 -0.005126 -0.004068
0.203615 -0.350315 -0.300000 0 0.107047 -0.411820 -0.300000 1 0.096640 -0.371783 -0.374094 0 0.004557 -0.007155 -0.004506
0.203615 -0.350315 -0.300000 0 0.096640 -0.371783 -0.374094 0 0.183820 -0.316258 -0.374094 0 0.004114 -0.006460 -0.004068
0.107047 -0.411820 -0.300000 0 -0.000000 -0.433013 -0.300000 1 -0.000000 -0.390916 -0.374094 0 0.001570 -0.007932 -0.004506
0.107047 -0.411820 -0.300000 0 -0.000000 -0.390916 -0.374094 0 0.096640 -0.371783 -0.374094 0 0.001418 -0.007160 -0.004068
-0.000000 -0.433013 -0.300000 0 -0.107047 -0.411820 -0.300000 1 -0.096640 -0.371783 -0.374094 0 -0.001570 -0.007932 -0.004506
-0.000000 -0.433013 -0.300000 0 -0.096640 -0.371783 -0.374094 0 -0.000000 -0.390916 -0.374094 0 -0.001418 -0.007160 -0.004068
-0.107047 -0.411820 -0.300000 0 -0.203615 -0.350315 -0.300000 1 -0.183820 -0.316257 -0.374094 0 -0.004557 -0.007155 -0.004506
-0.107047 -0.411820 -0.300000 0 -0.183820 -0.316257 -0.374094 0 -0.096640 -0.371783 -0.374094 0 -0.004114 -0.006460 -0.004068
-0.203615 -0.350315 -0.300000 0 -0.280252 -0.254518 -0.300000 1 -0.253006 -0.229774 -0.374094 0 -0.007098 -0.005678 -0.004506
-0.203615 -0.350315 -0.300000 0 -0.253006 -0.229774 -0.374094 0 -0.183820 -0.316257 -0.374094 0 -0.006408 -0.005126 -0.004068
-0.280252 -0.254518 -0.300000 0 -0.329456 -0.133808 -0.300000 1 -0.297426 -0.120800 -0.374094 0 -0.008944 -0.003646 -0.004506
-0.280252 -0.254518 -0.300000 0 -0.297426 -0.120800 -0.374094 0 -0.253006 -0.229774 -0.374094 0 -0.008074 -0.003291 -0.004068
-0.329456 -0.133808 -0.300000 0 -0.346410 0.000000 -0.300000 1 -0.312733 0.000000 -0.374094 0 -0.009914 -0.001256 -0.004506
-0.329456 -0.133808 -0.300000 0 -0.312733 0.000000 -0.374094 0 -0.297426 -0.120800 -0.374094 0 -0.008951 -0.001134 -0.004068
-0.346410 0.000000 -0.300000 0 -0.329456 0.133808 -0.300000 1 -0.297426 0.120800 -0.374094 0 -0.009914 0.001256 -0.004506
-0.346410 0.000000 -0.300000 0 -0.297426 0.120800 -0.374094 0 -0.312733 0.000000 -0.374094 0 -0.008951 0.001134 -0.004068
-0.329456 0.133808 -0.300000 0 -0.280252 0.254519 -0.300000 1 -0.253006 0.229775 -0.374094 0 -0.008944 0.003646 -0.004506
-0.329456 0.133808 -0.300000 0 -0.253006 0.229775 -0.374094 0 -0.297426 0.120800 -0.374094 0 -0.008074 0.003291 -0.004068
-0.280252 0.254519 -0.300000 0 -0.203615 0.350315 -0.300000 1 -0.183820 0.316258 -0.374094 0 -0.007098 0.005678 -0.004506
-0.280252 0.254519 -0.300000 0 -0.183820 0.316258 -0.374094 0 -0.253006 0.229775 -0.374094 0 -0.006408 0.005126 -0.004068
-0.203615 0.350315 -0.300000 0 -0.107047 0.411820 -0.300000 1 -0.096640 0.371783 -0.374094 0 -0.004557 0.007155 -0.004506
-0.203615 0.350315 -0.300000 0 -0.096640 0.371783 -0.374094 0 -0.183820 0.316258 -0.374094 0 -0.004114 0.006460 -0.004068
-0.107047 0.411820 -0.300000 0 0.000000 0.433013 -0.300000 0 0.000000 0.390916 -0.374094 0 -0.001570 0.007932 -0.004506
-0.107047 0.411820 -0.300000 0 0.000000 0.390916 -0.374094 0 -0.096640 0.371783 -0.374094 0 -0.001418 0.007160 -0.004068
0.000000 0.465437 -0.219205 1 0.115062 0.442657 -0.219205 1 0.107047 0.411820 -0.300000 0 0.001841 0.009296 -0.003731
0.000000 0.465437 -0.219205 0 0.107047 0.411820 -0.300000 0 0.000000 0.433013 -0.300000 0 0.001712 0.008649 -0.003471
0.115062 0.442657 -0.219205 0 0.218862 0.376546 -0.219205 1 0.203615 0.350315 -0.300000 0 0.005341 0.008387 -0.003731
0.115062 0.442657 -0.219205 0 0.203615 0.350315 -0.300000 0 0.107047 0.411820 -0.300000 0 0.004969 0.007802 -0.003471
0.218862 0.376546 -0.219205 0 0.301237 0.273577 -0.219205 1 0.280252 0.254518 -0.300000 0 0.008319 0.006655 -0.003731
0.218862 0.376546 -0.219205 0 0.280252 0.254518 -0.300000 0 0.203615 0.350315 -0.300000 0 0.007740 0.006192 -0.003471
0.301237 0.273577 -0.219205 0 0.354125 0.143828 -0.219205 1 0.329456 0.133808 -0.300000 0 0.010483 0.004273 -0.003731
0.301237 0.273577 -0.219205 0 0.329456 0.133808 -0.300000 0 0.280252 0.254518 -0.300000 0 0.009753 0.003975 -0.003471
0.354125 0.143828 -0.219205 0 0.372350 -0.000000 -0.219205 1 0.346410 -0.000000 -0.300000 0 0.011621 0.001472 -0.003731
0.354125 0.143828 -0.219205 0 0.346410 -0.000000 -0.300000 0 0.329456 0.133808 -0.300000 0 0.010811 0.001370 -0.003471
0.372350 -0.000000 -0.219205 0 0.354125 -0.143828 -0.219205 1 0.329456 -0.133808 -0.300000 0 0.011621 -0.001472 -0.003731
0.372350 -0.000000 -0.219205 0 0.329456 -0.133808 -0.300000 0 0.346410 -0.000000 -0.300000 0 0.010811 -0.001370 -0.003471
0.354125 -0.143828 -0.219205 0 0.301237 -0.273577 -0.219205 1 0.280252 -0.254518 -0.300000 0 0.010483 -0.004273 -0.003731
0.354125 -0.143828 -0.219205 0 0.280252 -0.254518 -0.300000 0 0.329456 -0.133808 -0.300000 0 0.009753 -0.003975 -0.003471
0.301237 -0.273577 -0.219205 0 0.218862 -0.376546 -0.219205 1 0.203615 -0.350315 -0.300000 0 0.008319 -0.006655 -0.003731
0.301237 -0.273577 -0.219205 0 0.203615 -0.350315 -0.300000 0 0.280252 -0.254518 -0.300000 0 0.007740 -0.006192 -0.003471
0.218862 -0.376546 -0.219205 0 0.115062 -0.442657 -0.219205 1 0.107047 -0.411820 -0.300000 0 0.005341 -0.008387 -0.003731
0.218862 -0.376546 -0.219205 0 0.107047 -0.411820 -0.300000 0 0.203615 -0.350315 -0.300000 0 0.004969 -0.007802 -0.003471
0.115062 -0.442657 -0.219205 0 -0.000000 -0.465437 -0.219205 1 -0.000000 -0.433013 -0.300000 0 0.001841 -0.009296 -0.003731
0.115062 -0.442657 -0.219205 0 -0.000000 -0.433013 -0.300000 0 0.107047 -0.411820 -0.300000 0 0.001712 -0.008649 -0.003471
-0.000000 -0.465437 -0.219205 0 -0.115062 -0.442657 -0.219205 1 -0.107047 -0.411820 -0.300000 0 -0.001841 -0.009296 -0.003731
-0.000000 -0.465437 -0.219205 0 -0.107047 -0.411820 -0.300000 0 -0.000000 -0.433013 -0.300000 0 -0.001712 -0.008649 -0.003471
-0.115062 -0.442657 -0.219205 0 -0.218862 -0.376546 -0.219205 1 -0.203615 -0.350315 -0.300000 0 -0.005341 -0.008387 -0.003731
-0.115062 -0.442657 -0.219205 0 -0.203615 -0.350315 -0.300000 0 -0.107047 -0.411820 -0.300000 0 -0.004969 -0.007802 -0.003471
-0.218862 -0.376546 -0.219205 0 -0.301237 -0.273577 -0.219205 1 -0.280252 -0.254518 -0.300000 0 -0.008319 -0.006655 -0.003731
-0.218862 -0.376546 -0.219205 0 -0.280252 -0.254518 -0.300000 0 -0.203615 -0.350315 -0.300000 0 -0.007740 -0.006192 -0.003471
-0.301237 -0.273577 -0.219205 0 -0.354125 -0.143828 -0.219205 1 -0.329456 -0.133808 -0.300000 0 -0.010483 -0.004273 -0.003731
-0.301237 -0.273577 -0.219205 0 -0.329456 -0.133808 -0.300000 0 -0.280252 -0.254518 -0.300000 0 -0.009753 -0.003975 -0.003471
-0.354125 -0.143828 -0.219205 0 -0.372350 0.000000 -0.219205 1 -0.346410 0.000000 -0.300000 0 -0.011621 -0.001472 -0.003731
-0.354125 -0.143828 -0.219205 0 -0.346410 0.000000 -0.300000 0 -0.329456 -0.133808 -0.300000 0 -0.010811 -0.001370 -0.003471
-0.372350 0.000000 -0.219205 0 -0.354125 0.143828 -0.219205 1 -0.329456 0.133808 -0.300000 0 -0.011621 0.001472 -0.003731
-0.372350 0.000000 -0.219205 0 -0.329456 0.133808 -0.300000 0 -0.346410 0.000000 -0.300000 0 -0.010811 0.001370 -0.003471
-0.354125 0.143828 -0.219205 0 -0.301237 0.273577 -0.219205 1 -0.280252 0.254519 -0.300000 0 -0.010483 0.004273 -0.003731
-0.354125 0.143828 -0.219205 0 -0.280252 0.254519 -0.300000 0 -0.329456 0.133808 -0.300000 0 -0.009753 0.003975 -0.003471
-0.301237 0.273577 -0.219205 0 -0.218861 0.376546 -0.219205 1 -0.203615 0.350315 -0.300000 0 -0.008319 0.006656 -0.003731
-0.301237 0.273577 -0.219205 0 -0.203615 0.350315 -0.300000 0 -0.280252 0.254519 -0.300000 0 -0.007740 0.006192 -0.003471
-0.218861 0.376546 -0.219205 0 -0.115062 0.442657 -0.219205 1 -0.107047 0.411820 -0.300000 0 -0.005341 0.008386 -0.003731
-0.218861 0.376546 -0.219205 0 -0.107047 0.411820 -0.300000 0 -0.203615 0.350315 -0.300000 0 -0.004969 0.007802 -0.003471
-0.115062 0.442657 -0.219205 0 0.000000 0.465437 -0.219205 0 0.000000 0.433013 -0.300000 0 -0.001841 0.009296 -0.003731
-0.115062 0.442657 -0.219205 0 0.000000 0.433013 -0.300000 0 -0.107047 0.411820 -0.300000 0 -0.001712 0.008649 -0.003471
0.000000 0.487464 -0.133513 1 0.120508 0.463606 -0.133513 1 0.115062 0.442657 -0.219205 0 0.002044 0.010327 -0.002654
0.000000 0.487464 -0.133513 0 0.115062 0.442657 -0.219205 0 0.000000 0.465437 -0.219205 0 0.001952 0.009860 -0.002534
0.120508 0.463606 -0.133513 0 0.229219 0.394367 -0.133513 1 0.218862 0.376546 -0.219205 0 0.005933 0.009316 -0.002654
0.120508 0.463606 -0.133513 0 0.218862 0.376546 -0.219205 0 0.115062 0.442657 -0.219205 0 0.005665 0.008895 -0.002535
0.229219 0.394367 -0.133513 0 0.315493 0.286524 -0.133513 1 0.301237 0.273577 -0.219205 0 0.009241 0.007393 -0.002654
0.229219 0.394367 -0.133513 0 0.301237 0.273577 -0.219205 0 0.218862 0.376546 -0.219205 0 0.008824 0.007059 -0.002534
0.315493 0.286524 -0.133513 0 0.370885 0.150635 -0.133513 1 0.354125 0.143828 -0.219205 0 0.011645 0.004747 -0.002655
0.315493 0.286524 -0.133513 0 0.354125 0.143828 -0.219205 0 0.301237 0.273577 -0.219205 0 0.011118 0.004532 -0.002534
0.370885 0.150635 -0.133513 0 0.389971 -0.000000 -0.133513 1 0.372350 -0.000000 -0.219205 0 0.012908 0.001636 -0.002654
0.370885 0.150635 -0.133513 0 0.372350 -0.000000 -0.219205 0 0.354125 0.143828 -0.219205 0 0.012325 0.001562 -0.002535
0.389971 -0.000000 -0.133513 0 0.370885 -0.150635 -0.133513 1 0.354125 -0.143828 -0.219205 0 0.012908 -0.001636 -0.002655
0.389971 -0.000000 -0.133513 0 0.354125 -0.143828 -0.219205 0 0.372350 -0.000000 -0.219205 0 0.012325 -0.001562 -0.002534
0.370885 -0.150635 -0.133513 0 0.315493 -0.286524 -0.133513 1 0.301237 -0.273577 -0.219205 0 0.011645 -0.004747 -0.002654
0.370885 -0.150635 -0.133513 0 0.301237 -0.273577 -0.219205 0 0.354125 -0.143828 -0.219205 0 0.011118 -0.004532 -0.002535
0.315493 -0.286524 -0.133513 0 0.229219 -0.394367 -0.133513 1 0.218862 -0.376546 -0.219205 0 0.009241 -0.007393 -0.002654
0.315493 -0.286524 -0.133513 0 0.218862 -0.376546 -0.219205 0 0.301237 -0.273577 -0.219205 0 0.008824 -0.007059 -0.002534
0.229219 -0.394367 -0.133513 0 0.120508 -0.463606 -0.133513 1 0.115062 -0.442657 -0.219205 0 0.005933 -0.009316 -0.002654
0.229219 -0.394367 -0.133513 0 0.115062 -0.442657 -0.219205 0 0.218862 -0.376546 -0.219205 0 0.005665 -0.008895 -0.002535
0.120508 -0.463606 -0.133513 0 -0.000000 -0.487464 -0.133513 1 -0.000000 -0.465437 -0.219205 0 0.002044 -0.010327 -0.002654
0.120508 -0.463606 -0.133513 0 -0.000000 -0.465437 -0.219205 0 0.115062 -0.442657 -0.219205 0 0.001952 -0.009860 -0.002534
-0.000000 -0.487464 -0.133513 0 -0.120508 -0.463606 -0.133513 1 -0.115062 -0.442657 -0.219205 0 -0.002044 -0.010327 -0.002654
-0.000000 -0.487464 -0.133513 0 -0.115062 -0.442657 -0.219205 0 -0.000000 -0.465437 -0.219205 0 -0.001952 -0.009860 -0.002534
-0.120508 -0.463606 -0.133513 0 -0.229219 -0.394367 -0.133513 1 -0.218862 -0.376546 -0.219205 0 -0.005933 -0.009316 -0.002654
-0.120508 -0.463606 -0.133513 0 -0.218862 -0.376546 -0.219205 0 -0.115062 -0.442657 -0.219205 0 -0.005665 -0.008895 -0.002535
-0.229219 -0.394367 -0.133513 0 -0.315493 -0.286524 -0.133513 1 -0.301237 -0.273577 -0.219205 0 -0.009241 -0.007393 -0.002654
-0.229219 -0.394367 -0.133513 0 -0.301237 -0.273577 -0.219205 0 -0.218862 -0.376546 -0.219205 0 -0.008824 -0.007059 -0.002534
-0.315493 -0.286524 -0.133513 0 -0.370885 -0.150635 -0.133513 1 -0.354125 -0.143828 -0.219205 0 -0.011645 -0.004747 -0.002655
-0.315493 -0.286524 -0.133513 0 -0.354125 -0.143828 -0.219205 0 -0.301237 -0.273577 -0.219205 0 -0.011118 -0.004532 -0.002534
-0.370885 -0.150635 -0.133513 0 -0.389971 0.000000 -0.133513 1 -0.372350 0.000000 -0.219205 0 -0.012908 -0.001636 -0.002654
-0.370885 -0.150635 -0.133513 0 -0.372350 0.000000 -0.219205 0 -0.354125 -0.143828 -0.219205 0 -0.012325 -0.001562 -0.002535
-0.389971 0.000000 -0.133513 0 -0.370885 0.150635 -0.133513 1 -0.354125 0.143828 -0.219205 0 -0.012908 0.001636 -0.002655
-0.389971 0.000000 -0.133513 0 -0.354125 0.143828 -0.219205 0 -0.372350 0.000000 -0.219205 0 -0.012325 0.001562 -0.002534
-0.370885 0.150635 -0.133513 0 -0.315493 0.286524 -0.133513 1 -0.301237 0.273577 -0.219205 0 -0.011645 0.004747 -0.002654
-0.370885 0.150635 -0.133513 0 -0.301237 0.273577 -0.219205 0 -0.354125 0.143828 -0.219205 0 -0.011118 0.004532 -0.002535
-0.315493 0.286524 -0.133513 0 -0.229219 0.394367 -0.133513 1 -0.218861 0.376546 -0.219205 0 -0.009241 0.007393 -0.002655
-0.315493 0.286524 -0.133513 0 -0.218861 0.376546 -0.219205 0 -0.301237 0.273577 -0.219205 0 -0.008824 0.007059 -0.002534
-0.229219 0.394367 -0.133513 0 -0.120508 0.463606 -0.133513 1 -0.115062 0.442657 -0.219205 0 -0.005933 0.009316 -0.002654
-0.229219 0.394367 -0.133513 0 -0.115062 0.442657 -0.219205 0 -0.218861 0.376546 -0.219205 0 -0.005665 0.008895 -0.002535
-0.120508 0.463606 -0.133513 0 0.000000 0.487464 -0.133513 0 0.000000 0.465437 -0.219205 0 -0.002044 0.010327 -0.002654
-0.120508 0.463606 -0.133513 0 0.000000 0.465437 -0.219205 0 -0.115062 0.442657 -0.219205 0 -0.001952 0.009860 -0.002534
0.000000 0.498602 -0.044838 1 0.123261 0.474199 -0.044838 1 0.120508 0.463606 -0.133513 0 0.002164 0.010930 -0.001373
0.000000 0.498602 -0.044838 0 0.120508 0.463606 -0.133513 0 0.000000 0.487464 -0.133513 0 0.002116 0.010686 -0.001342
0.123261 0.474199 -0.044838 0 0.234457 0.403377 -0.044838 1 0.229219 0.394367 -0.133513 0 0.006280 0.009860 -0.001373
0.123261 0.474199 -0.044838 0 0.229219 0.394367 -0.133513 0 0.120508 0.463606 -0.133513 0 0.006140 0.009640 -0.001342
0.234457 0.403377 -0.044838 0 0.322702 0.293071 -0.044838 1 0.315493 0.286524 -0.133513 0 0.009781 0.007825 -0.001373
0.234457 0.403377 -0.044838 0 0.315493 0.286524 -0.133513 0 0.229219 0.394367 -0.133513 0 0.009563 0.007650 -0.001342
0.322702 0.293071 -0.044838 0 0.379359 0.154076 -0.044838 1 0.370885 0.150635 -0.133513 0 0.012325 0.005024 -0.001373
0.322702 0.293071 -0.044838 0 0.370885 0.150635 -0.133513 0 0.315493 0.286524 -0.133513 0 0.012050 0.004912 -0.001342
0.379359 0.154076 -0.044838 0 0.398882 -0.000000 -0.044838 1 0.389971 -0.000000 -0.133513 0 0.013663 0.001731 -0.001373
0.379359 0.154076 -0.044838 0 0.389971 -0.000000 -0.133513 0 0.370885 0.150635 -0.133513 0 0.013358 0.001692 -0.001342
0.398882 -0.000000 -0.044838 0 0.379359 -0.154076 -0.044838 1 0.370885 -0.150635 -0.133513 0 0.013663 -0.001731 -0.001373
0.398882 -0.000000 -0.044838 0 0.370885 -0.150635 -0.133513 0 0.389971 -0.000000 -0.133513 0 0.013358 -0.001692 -0.001342
0.379359 -0.154076 -0.044838 0 0.322702 -0.293071 -0.044838 1 0.315493 -0.286524 -0.133513 0 0.012325 -0.005024 -0.001373
0.379359 -0.154076 -0.044838 0 0.315493 -0.286524 -0.133513 0 0.370885 -0.150635 -0.133513 0 0.012050 -0.004912 -0.001342
0.322702 -0.293071 -0.044838 0 0.234457 -0.403377 -0.044838 1 0.229219 -0.394367 -0.133513 0 0.009781 -0.007825 -0.001373
0.322702 -0.293071 -0.044838 0 0.229219 -0.394367 -0.133513 0 0.315493 -0.286524 -0.133513 0 0.009563 -0.007650 -0.001342
0.234457 -0.403377 -0.044838 0 0.123261 -0.474199 -0.044838 1 0.120508 -0.463606 -0.133513 0 0.006280 -0.009860 -0.001373
0.234457 -0.403377 -0.044838 0 0.120508 -0.463606 -0.133513 0 0.229219 -0.394367 -0.133513 0 0.006140 -0.009640 -0.001342
0.123261 -0.474199 -0.044838 0 -0.000000 -0.498602 -0.044838 1 -0.000000 -0.487464 -0.133513 0 0.002164 -0.010930 -0.001373
0.123261 -0.474199 -0.044838 0 -0.000000 -0.487464 -0.133513 0 0.120508 -0.463606 -0.133513 0 0.002116 -0.010686 -0.001342
-0.000000 -0.498602 -0.044838 0 -0.123261 -0.474199 -0.044838 1 -0.120508 -0.463606 -0.133513 0 -0.002164 -0.010930 -0.001373
-0.000000 -0.498602 -0.044838 0 -0.120508 -0.463606 -0.133513 0 -0.000000 -0.487464 -0.133513 0 -0.002116 -0.010686 -0.001342
-0.123261 -0.474199 -0.044838 0 -0.234457 -0.403377 -0.044838 1 -0.229219 -0.394367 -0.133513 0 -0.006280 -0.009860 -0.001373
-0.123261 -0.474199 -0.044838 0 -0.229219 -0.394367 -0.133513 0 -0.120508 -0.463606 -0.133513 0 -0.006140 -0.009640 -0.001342
-0.234457 -0.403377 -0.044838 0 -0.322702 -0.293071 -0.044838 1 -0.315493 -0.286524 -0.133513 0 -0.009781 -0.007825 -0.001373
-0.234457 -0.403377 -0.044838 0 -0.315493 -0.286524 -0.133513 0 -0.229219 -0.394367 -0.133513 0 -0.009563 -0.007650 -0.001342
-0.322702 -0.293071 -0.044838 0 -0.379359 -0.154077 -0.044838 1 -0.370885 -0.150635 -0.133513 0 -0.012325 -0.005024 -0.001373
-0.322702 -0.293071 -0.044838 0 -0.370885 -0.150635 -0.133513 0 -0.315493 -0.286524 -0.133513 0 -0.012050 -0.004912 -0.001342
-0.379359 -0.154077 -0.044838 0 -0.398882 0.000000 -0.044838 1 -0.389971 0.000000 -0.133513 0 -0.013663 -0.001731 -0.001373
-0.379359 -0.154077 -0.044838 0 -0.389971 0.000000 -0.133513 0 -0.370885 -0.150635 -0.133513 0 -0.013358 -0.001692 -0.001342
-0.398882 0.000000 -0.044838 0 -0.379359 0.154077 -0.044838 1 -0.370885 0.150635 -0.133513 0 -0.013663 0.001731 -0.001373
-0.398882 0.000000 -0.044838 0 -0.370885 0.150635 -0.133513 0 -0.389971 0.000000 -0.133513 0 -0.013358 0.001692 -0.001342
-0.379359 0.154077 -0.044838 0 -0.322702 0.293071 -0.044838 1 -0.315493 0.286524 -0.133513 0 -0.012325 0.005024 -0.001373
-0.379359 0.154077 -0.044838 0 -0.315493 0.286524 -0.133513 0 -0.370885 0.150635 -0.133513 0 -0.012050 0.004912 -0.001342
-0.322702 0.293071 -0.044838 0 -0.234457 0.403378 -0.044838 1 -0.229219 0.394367 -0.133513 0 -0.009781 0.007825 -0.001373
-0.322702 0.293071 -0.044838 0 -0.229219 0.394367 -0.133513 0 -0.315493 0.286524 -0.133513 0 -0.009563 0.007650 -0.001342
-0.234457 0.403378 -0.044838 0 -0.123261 0.474199 -0.044838 1 -0.120508 0.463606 -0.133513 0 -0.006280 0.009860 -0.001373
-0.234457 0.403378 -0.044838 0 -0.120508 0.463606 -0.133513 0 -0.229219 0.394367 -0.133513 0 -0.006140 0.009640 -0.001342
-0.123261 0.474199 -0.044838 0 0.000000 0.498602 -0.044838 0 0.000000 0.487464 -0.133513 0 -0.002164 0.010930 -0.001373
-0.123261 0.474199 -0.044838 0 0.000000 0.487464 -0.133513 0 -0.120508 0.463606 -0.133513 0 -0.002116 0.010686 -0.001342
0.000000 0.498602 0.044838 1 0.123261 0.474199 0.044838 1 0.123261 0.474199 -0.044838 0 0.002188 0.011054 0.000000
0.000000 0.498602 0.044838 0 0.123261 0.474199 -0.044838 0 0.000000 0.498602 -0.044838 0 0.002188 0.011054 0.000000
0.123261 0.474199 0.044838 0 0.234457 0.403377 0.044838 1 0.234457 0.403377 -0.044838 0 0.006351 0.009972 0.000000
0.123261 0.474199 0.044838 0 0.234457 0.403377 -0.044838 0 0.123261 0.474199 -0.044838 0 0.006351 0.009972 0.000000
0.234457 0.403377 0.044838 0 0.322702 0.293071 0.044838 1 0.322702 0.293071 -0.044838 0 0.009892 0.007913 0.000000
0.234457 0.403377 0.044838 0 0.322702 0.293071 -0.044838 0 0.234457 0.403377 -0.044838 0 0.009892 0.007913 0.000000
0.322702 0.293071 0.044838 0 0.379359 0.154076 0.044838 1 0.379359 0.154076 -0.044838 0 0.012465 0.005081 0.000000
0.322702 0.293071 0.044838 0 0.379359 0.154076 -0.044838 0 0.322702 0.293071 -0.044838 0 0.012465 0.005081 0.000000
0.379359 0.154076 0.044838 0 0.398882 -0.000000 0.044838 1 0.398882 -0.000000 -0.044838 0 0.013817 0.001751 0.000000
0.379359 0.154076 0.044838 0 0.398882 -0.000000 -0.044838 0 0.379359 0.154076 -0.044838 0 0.013817 0.001751 0.000000
0.398882 -0.000000 0.044838 0 0.379359 -0.154076 0.044838 1 0.379359 -0.154076 -0.044838 0 0.013817 -0.001751 0.000000
0.398882 -0.000000 0.044838 0 0.379359 -0.154076 -0.044838 0 0.398882 -0.000000 -0.044838 0 0.013817 -0.001751 0.000000
0.379359 -0.154076 0.044838 0 0.322702 -0.293071 0.044838 1 0.322702 -0.293071 -0.044838 0 0.012465 -0.005081 0.000000
0.379359 -0.154076 0.044838 0 0.322702 -0.293071 -0.044838 0 0.379359 -0.154076 -0.044838 0 0.012465 -0.005081 0.000000
0.322702 -0.293071 0.044838 0 0.234457 -0.403377 0.044838 1 0.234457 -0.403377 -0.044838 0 0.009892 -0.007913 0.000000
0.322702 -0.293071 0.044838 0 0.234457 -0.403377 -0.044838 0 0.322702 -0.293071 -0.044838 0 0.009892 -0.007913 0.000000
0.234457 -0.403377 0.044838 0 0.123261 -0.474199 0.044838 1 0.123261 -0.474199 -0.044838 0 0.006351 -0.009972 0.000000
0.234457 -0.403377 0.044838 0 0.123261 -0.474199 -0.044838 0 0.234457 -0.403377 -0.044838 0 0.006351 -0.009972 0.000000
0.123261 -0.474199 0.044838 0 -0.000000 -0.498602 0.044838 1 -0.000000 -0.498602 -0.044838 0 0.002188 -0.011054 0.000000
0.123261 -0.474199 0.044838 0 -0.000000 -0.498602 -0.044838 0 0.123261 -0.474199 -0.044838 0 0.002188 -0.011054 0.000000
-0.000000 -0.498602 0.044838 0 -0.123261 -0.474199 0.044838 1 -0.123261 -0.474199 -0.044838 0 -0.002188 -0.011054 -0.000000
-0.000000 -0.498602 0.044838 0 -0.123261 -0.474199 -0.044838 0 -0.000000 -0.498602 -0.044838 0 -0.002188 -0.011054 0.000000
-0.123261 -0.474199 0.044838 0 -0.234457 -0.403377 0.044838 1 -0.234457 -0.403377 -0.044838 0 -0.006351 -0.009972 -0.000000
-0.123261 -0.474199 0.044838 0 -0.234457 -0.403377 -0.044838 0 -0.123261 -0.474199 -0.044838 0 -0.006351 -0.009972 0.000000
-0.234457 -0.403377 0.044838 0 -0.322702 -0.293071 0.044838 1 -0.322702 -0.293071 -0.044838 0 -0.009892 -0.007913 -0.000000
-0.234457 -0.403377 0.044838 0 -0.322702 -0.293071 -0.044838 0 -0.234457 -0.403377 -0.044838 0 -0.009892 -0.007913 0.000000
-0.322702 -0.293071 0.044838 0 -0.379359 -0.154077 0.044838 1 -0.379359 -0.154077 -0.044838 0 -0.012464 -0.005081 -0.000000
-0.322702 -0.293071 0.044838 0 -0.379359 -0.154077 -0.044838 0 -0.322702 -0.293071 -0.044838 0 -0.012464 -0.005081 0.000000
-0.379359 -0.154077 0.044838 0 -0.398882 0.000000 0.044838 1 -0.398882 0.000000 -0.044838 0 -0.013817 -0.001751 -0.000000
-0.379359 -0.154077 0.044838 0 -0.398882 0.000000 -0.044838 0 -0.379359 -0.154077 -0.044838 0 -0.013817 -0.001751 0.000000
-0.398882 0.000000 0.044838 0 -0.379359 0.154077 0.044838 1 -0.379359 0.154077 -0.044838 0 -0.013817 0.001751 0.000000
-0.398882 0.000000 0.044838 0 -0.379359 0.154077 -0.044838 0 -0.398882 0.000000 -0.044838 0 -0.013817 0.001751 0.000000
-0.379359 0.154077 0.044838 0 -0.322702 0.293071 0.044838 1 -0.322702 0.293071 -0.044838 0 -0.012464 0.005081 0.000000
-0.379359 0.154077 0.044838 0 -0.322702 0.293071 -0.044838 0 -0.379359 0.154077 -0.044838 0 -0.012464 0.005081 0.000000
-0.322702 0.293071 0.044838 0 -0.234457 0.403378 0.044838 1 -0.234457 0.403378 -0.044838 0 -0.009892 0.007913 0.000000
-0.322702 0.293071 0.044838 0 -0.234457 0.403378 -0.044838 0 -0.322702 0.293071 -0.044838 0 -0.009892 0.007913 0.000000
-0.234457 0.403378 0.044838 0 -0.123261 0.474199 0.044838 1 -0.123261 0.474199 -0.044838 0 -0.006351 0.009972 0.000000
-0.234457 0.403378 0.044838 0 -0.123261 0.474199 -0.044838 0 -0.234457 0.403378 -0.044838 0 -0.006351 0.009972 0.000000
-0.123261 0.474199 0.044838 0 0.000000 0.498602 0.044838 0 0.000000 0.498602 -0.044838 0 -0.002188 0.011054 0.000000
-0.123261 0.474199 0.044838 0 0.000000 0.498602 -0.044838 0 -0.123261 0.474199 -0.044838 0 -0.002188 0.011054 0.000000
0.000000 0.487464 0.133513 1 0.120508 0.463606 0.133513 1 0.123261 0.474199 0.044838 0 0.002116 0.010686 0.001342
0.000000 0.487464 0.133513 0 0.123261 0.474199 0.044838 0 0.000000 0.498602 0.044838 0 0.002164 0.010930 0.001373
0.120508 0.463606 0.133513 0 0.229219 0.394367 0.133513 1 0.234457 0.403377 0.044838 0 0.006140 0.009640 0.001342
0.120508 0.463606 0.133513 0 0.234457 0.403377 0.044838 0 0.123261 0.474199 0.044838 0 0.006280 0.009860 0.001373
0.229219 0.394367 0.133513 0 0.315493 0.286524 0.133513 1 0.322702 0.293071 0.044838 0 0.009563 0.007650 0.001342
0.229219 0.394367 0.133513 0 0.322702 0.293071 0.044838 0 0.234457 0.403377 0.044838 0 0.009781 0.007825 0.001373
0.315493 0.286524 0.133513 0 0.370885 0.150635 0.133513 1 0.379359 0.154076 0.044838 0 0.012050 0.004912 0.001342
0.315493 0.286524 0.133513 0 0.379359 0.154076 0.044838 0 0.322702 0.293071 0.044838 0 0.012325 0.005024 0.001373
0.370885 0.150635 0.133513 0 0.389971 -0.000000 0.133513 1 0.398882 -0.000000 0.044838 0 0.013358 0.001692 0.001342
0.370885 0.150635 0.133513 0 0.398882 -0.000000 0.044838 0 0.379359 0.154076 0.044838 0 0.013663 0.001731 0.001373
0.389971 -0.000000 0.133513 0 0.370885 -0.150635 0.133513 1 0.379359 -0.154076 0.044838 0 0.013358 -0.001692 0.001342
0.389971 -0.000000 0.133513 0 0.379359 -0.154076 0.044838 0 0.398882 -0.000000 0.044838 0 0.013663 -0.001731 0.001373
0.370885 -0.150635 0.133513 0 0.315493 -0.286524 0.133513 1 0.322702 -0.293071 0.044838 0 0.012050 -0.004912 0.001342
0.370885 -0.150635 0.133513 0 0.322702 -0.293071 0.044838 0 0.379359 -0.154076 0.044838 0 0.012325 -0.005024 0.001373
0.315493 -0.286524 0.133513 0 0.229219 -0.394367 0.133513 1 0.234457 -0.403377 0.044838 0 0.009563 -0.007650 0.001342
0.315493 -0.286524 0.133513 0 0.234457 -0.403377 0.044838 0 0.322702 -0.293071 0.044838 0 0.009781 -0.007825 0.001373
0.229219 -0.394367 0.133513 0 0.120508 -0.463606 0.133513 1 0.123261 -0.474199 0.044838 0 0.006140 -0.009640 0.001342
0.229219 -0.394367 0.133513 0 0.123261 -0.474199 0.044838 0 0.234457 -0.403377 0.044838 0 0.006280 -0.009860 0.001373
0.120508 -0.463606 0.133513 0 -0.000000 -0.487464 0.133513 1 -0.000000 -0.498602 0.044838 0 0.002116 -0.010686 0.001342
0.120508 -0.463606 0.133513 0 -0.000000 -0.498602 0.044838 0 0.123261 -0.474199 0.044838 0 0.002164 -0.010930 0.001373
-0.000000 -0.487464 0.133513 0 -0.120508 -0.463606 0.133513 1 -0.123261 -0.474199 0.044838 0 -0.002116 -0.010686 0.001342
-0.000000 -0.487464 0.133513 0 -0.123261 -0.474199 0.044838 0 -0.000000 -0.498602 0.044838 0 -0.002164 -0.010930 0.001373
-0.120508 -0.463606 0.133513 0 -0.229219 -0.394367 0.133513 1 -0.234457 -0.403377 0.044838 0 -0.006140 -0.009640 0.001342
-0.120508 -0.463606 0.133513 0 -0.234457 -0.403377 0.044838 0 -0.123261 -0.474199 0.044838 0 -0.006280 -0.009860 0.001373
-0.229219 -0.394367 0.133513 0 -0.315493 -0.286524 0.133513 1 -0.322702 -0.293071 0.044838 0 -0.009563 -0.007650 0.001342
-0.229219 -0.394367 0.133513 0 -0.322702 -0.293071 0.044838 0 -0.234457 -0.403377 0.044838 0 -0.009781 -0.007825 0.001373
-0.315493 -0.286524 0.133513 0 -0.370885 -0.150635 0.133513 1 -0.379359 -0.154077 0.044838 0 -0.012050 -0.004912 0.001342
-0.315493 -0.286524 0.133513 0 -0.379359 -0.154077 0.044838 0 -0.322702 -0.293071 0.044838 0 -0.012325 -0.005024 0.001373
-0.370885 -0.150635 0.133513 0 -0.389971 0.000000 0.133513 1 -0.398882 0.000000 0.044838 0 -0.013358 -0.001692 0.001342
-0.370885 -0.150635 0.133513 0 -0.398882 0.000000 0.044838 0 -0.379359 -0.154077 0.044838 0 -0.013663 -0.001731 0.001373
-0.389971 0.000000 0.133513 0 -0.370885 0.150635 0.133513 1 -0.379359 0.154077 0.044838 0 -0.013358 0.001692 0.001342
-0.389971 0.000000 0.133513 0 -0.379359 0.154077 0.044838 0 -0.398882 0.000000 0.044838 0 -0.013663 0.001731 0.001373
-0.370885 0.150635 0.133513 0 -0.315493 0.286524 0.133513 1 -0.322702 0.293071 0.044838 0 -0.012050 0.004912 0.001342
-0.370885 0.150635 0.133513 0 -0.322702 0.293071 0.044838 0 -0.379359 0.154077 0.044838 0 -0.012325 0.005024 0.001373
-0.315493 0.286524 0.133513 0 -0.229219 0.394367 0.133513 1 -0.234457 0.403378 0.044838 0 -0.009563 0.007650 0.001342
-0.315493 0.286524 0.133513 0 -0.234457 0.403378 0.044838 0 -0.322702 0.293071 0.044838 0 -0.009781 0.007825 0.001373
-0.229219 0.394367 0.133513 0 -0.120508 0.463606 0.133513 1 -0.123261 0.474199 0.044838 0 -0.006140 0.009640 0.001342
-0.229219 0.394367 0.133513 0 -0.123261 0.474199 0.044838 0 -0.234457 0.403378 0.044838 0 -0.006280 0.009860 0.001373
-0.120508 0.463606 0.133513 0 0.000000 0.487464 0.133513 0 0.000000 0.498602 0.044838 0 -0.002116 0.010686 0.001342
-0.120508 0.463606 0.133513 0 0.000000 0.498602 0.044838 0 -0.123261 0.474199 0.044838 0 -0.002164 0.010930 0.001373
0.000000 0.465437 0.219205 1 0.115062 0.442657 0.219205 1 0.120508 0.463606 0.133513 0 0.001952 0.009860 0.002534
0.000000 0.465437 0.219205 0 0.120508 0.463606 0.133513 0 0.000000 0.487464 0.133513 0 0.002044 0.010327 0.002654
0.115062 0.442657 0.219205 0 0.218862 0.376546 0.219205 1 0.229219 0.394367 0.133513 0 0.005665 0.008895 0.002535
0.115062 0.442657 0.219205 0 0.229219 0.394367 0.133513 0 0.120508 0.463606 0.133513 0 0.005933 0.009316 0.002654
0.218862 0.376546 0.219205 0 0.301237 0.273577 0.219205 1 0.315493 0.286524 0.133513 0 0.008824 0.007059 0.002534
0.218862 0.376546 0.219205 0 0.315493 0.286524 0.133513 0 0.229219 0.394367 0.133513 0 0.009241 0.007393 0.002654
0.301237 0.273577 0.219205 0 0.354125 0.143828 0.219205 1 0.370885 0.150635 0.133513 0 0.011118 0.004532 0.002535
0.301237 0.273577 0.219205 0 0.370885 0.150635 0.133513 0 0.315493 0.286524 0.133513 0 0.011645 0.004747 0.002654
0.354125 0.143828 0.219205 0 0.372350 -0.000000 0.219205 1 0.389971 -0.000000 0.133513 0 0.012325 0.001562 0.002534
0.354125 0.143828 0.219205 0 0.389971 -0.000000 0.133513 0 0.370885 0.150635 0.133513 0 0.012908 0.001636 0.002655
0.372350 -0.000000 0.219205 0 0.354125 -0.143828 0.219205 1 0.370885 -0.150635 0.133513 0 0.012325 -0.001562 0.002535
0.372350 -0.000000 0.219205 0 0.370885 -0.150635 0.133513 0 0.389971 -0.000000 0.133513 0 0.012908 -0.001636 0.002654
0.354125 -0.143828 0.219205 0 0.301237 -0.273577 0.219205 1 0.315493 -0.286524 0.133513 0 0.011118 -0.004532 0.002534
0.354125 -0.143828 0.219205 0 0.315493 -0.286524 0.133513 0 0.370885 -0.150635 0.133513 0 0.011645 -0.004747 0.002655
0.301237 -0.273577 0.219205 0 0.218862 -0.376546 0.219205 1 0.229219 -0.394367 0.133513 0 0.008824 -0.007059 0.002534
0.301237 -0.273577 0.219205 0 0.229219 -0.394367 0.133513 0 0.315493 -0.286524 0.133513 0 0.009241 -0.007393 0.002654
0.218862 -0.376546 0.219205 0 0.115062 -0.442657 0.219205 1 0.120508 -0.463606 0.133513 0 0.005665 -0.008895 0.002535
0.218862 -0.376546 0.219205 0 0.120508 -0.463606 0.133513 0 0.229219 -0.394367 0.133513 0 0.005933 -0.009316 0.002654
0.115062 -0.442657 0.219205 0 -0.000000 -0.465437 0.219205 1 -0.000000 -0.487464 0.133513 0 0.001952 -0.009860 0.002534
0.115062 -0.442657 0.219205 0 -0.000000 -0.487464 0.133513 0 0.120508 -0.463606 0.133513 0 0.002044 -0.010327 0.002654
-0.000000 -0.465437 0.219205 0 -0.115062 -0.442657 0.219205 1 -0.120508 -0.463606 0.133513 0 -0.001952 -0.009860 0.002534
-0.000000 -0.465437 0.219205 0 -0.120508 -0.463606 0.133513 0 -0.000000 -0.487464 0.133513 0 -0.002044 -0.010327 0.002654
-0.115062 -0.442657 0.219205 0 -0.218862 -0.376546 0.219205 1 -0.229219 -0.394367 0.133513 0 -0.005665 -0.008895 0.002535
-0.115062 -0.442657 0.219205 0 -0.229219 -0.394367 0.133513 0 -0.120508 -0.463606 0.133513 0 -0.005933 -0.009316 0.002654
-0.218862 -0.376546 0.219205 0 -0.301237 -0.273577 0.219205 1 -0.315493 -0.286524 0.133513 0 -0.008824 -0.007059 0.002534
-0.218862 -0.376546 0.219205 0 -0.315493 -0.286524 0.133513 0 -0.229219 -0.394367 0.133513 0 -0.009241 -0.007393 0.002654
-0.301237 -0.273577 0.219205 0 -0.354125 -0.143828 0.219205 1 -0.370885 -0.150635 0.133513 0 -0.011118 -0.004532 0.002535
-0.301237 -0.273577 0.219205 0 -0.370885 -0.150635 0.133513 0 -0.315493 -0.286524 0.133513 0 -0.011645 -0.004747 0.002654
-0.354125 -0.143828 0.219205 0 -0.372350 0.000000 0.219205 1 -0.389971 0.000000 0.133513 0 -0.012325 -0.001562 0.002534
-0.354125 -0.143828 0.219205 0 -0.389971 0.000000 0.133513 0 -0.370885 -0.150635 0.133513 0 -0.012908 -0.001636 0.002655
-0.372350 0.000000 0.219205 0 -0.354125 0.143828 0.219205 1 -0.370885 0.150635 0.133513 0 -0.012325 0.001562 0.002535
-0.372350 0.000000 0.219205 0 -0.370885 0.150635 0.133513 0 -0.389971 0.000000 0.133513 0 -0.012908 0.001636 0.002654
-0.354125 0.143828 0.219205 0 -0.301237 0.273577 0.219205 1 -0.315493 0.286524 0.133513 0 -0.011118 0.004532 0.002534
-0.354125 0.143828 0.219205 0 -0.315493 0.286524 0.133513 0 -0.370885 0.150635 0.133513 0 -0.011645 0.004747 0.002655
-0.301237 0.273577 0.219205 0 -0.218861 0.376546 0.219205 1 -0.229219 0.394367 0.133513 0 -0.008824 0.007059 0.002535
-0.301237 0.273577 0.219205 0 -0.229219 0.394367 0.133513 0 -0.315493 0.286524 0.133513 0 -0.009241 0.007393 0.002654
-0.218861 0.376546 0.219205 0 -0.115062 0.442657 0.219205 1 -0.120508 0.463606 0.133513 0 -0.005665 0.008895 0.002535
-0.218861 0.376546 0.219205 0 -0.120508 0.463606 0.133513 0 -0.229219 0.394367 0.133513 0 -0.005933 0.009316 0.002655
-0.115062 0.442657 0.219205 0 0.000000 0.465437 0.219205 0 0.000000 0.487464 0.133513 0 -0.001952 0.009860 0.002534
-0.115062 0.442657 0.219205 0 0.000000 0.487464 0.133513 0 -0.120508 0.463606 0.133513 0 -0.002044 0.010327 0.002654
0.000000 0.433013 0.300000 1 0.107047 0.411820 0.300000 1 0.115062 0.442657 0.219205 0 0.001712 0.008649 0.003471
0.000000 0.433013 0.300000 0 0.115062 0.442657 0.219205 0 0.000000 0.465437 0.219205 0 0.001841 0.009296 0.003731
0.107047 0.411820 0.300000 0 0.203615 0.350315 0.300000 1 0.218862 0.376546 0.219205 0 0.004969 0.007802 0.003471
0.107047 0.411820 0.300000 0 0.218862 0.376546 0.219205 0 0.115062 0.442657 0.219205 0 0.005341 0.008387 0.003731
0.203615 0.350315 0.300000 0 0.280252 0.254518 0.300000 1 0.301237 0.273577 0.219205 0 0.007740 0.006192 0.003471
0.203615 0.350315 0.300000 0 0.301237 0.273577 0.219205 0 0.218862 0.376546 0.219205 0 0.008319 0.006655 0.003731
0.280252 0.254518 0.300000 0 0.329456 0.133808 0.300000 1 0.354125 0.143828 0.219205 0 0.009753 0.003975 0.003471
0.280252 0.254518 0.300000 0 0.354125 0.143828 0.219205 0 0.301237 0.273577 0.219205 0 0.010483 0.004273 0.003731
0.329456 0.133808 0.300000 0 0.346410 -0.000000 0.300000 1 0.372350 -0.000000 0.219205 0 0.010811 0.001370 0.003471
0.329456 0.133808 0.300000 0 0.372350 -0.000000 0.219205 0 0.354125 0.143828 0.219205 0 0.011621 0.001472 0.003731
0.346410 -0.000000 0.300000 0 0.329456 -0.133808 0.300000 1 0.354125 -0.143828 0.219205 0 0.010811 -0.001370 0.003471
0.346410 -0.000000 0.300000 0 0.354125 -0.143828 0.219205 0 0.372350 -0.000000 0.219205 0 0.011621 -0.001472 0.003731
0.329456 -0.133808 0.300000 0 0.280252 -0.254518 0.300000 1 0.301237 -0.273577 0.219205 0 0.009753 -0.003975 0.003471
0.329456 -0.133808 0.300000 0 0.301237 -0.273577 0.219205 0 0.354125 -0.143828 0.219205 0 0.010483 -0.004273 0.003731
0.280252 -0.254518 0.300000 0 0.203615 -0.350315 0.300000 1 0.218862 -0.376546 0.219205 0 0.007740 -0.006192 0.003471
0.280252 -0.254518 0.300000 0 0.218862 -0.376546 0.219205 0 0.301237 -0.273577 0.219205 0 0.008319 -0.006655 0.003731
0.203615 -0.350315 0.300000 0 0.107047 -0.411820 0.300000 1 0.115062 -0.442657 0.219205 0 0.004969 -0.007802 0.003471
0.203615 -0.350315 0.300000 0 0.115062 -0.442657 0.219205 0 0.218862 -0.376546 0.219205 0 0.005341 -0.008387 0.003731
0.107047 -0.411820 0.300000 0 -0.000000 -0.433013 0.300000 1 -0.000000 -0.465437 0.219205 0 0.001712 -0.008649 0.003471
0.107047 -0.411820 0.300000 0 -0.000000 -0.465437 0.219205 0 0.115062 -0.442657 0.219205 0 0.001841 -0.009296 0.003731
-0.000000 -0.433013 0.300000 0 -0.107047 -0.411820 0.300000 1 -0.115062 -0.442657 0.219205 0 -0.001712 -0.008649 0.003471
-0.000000 -0.433013 0.300000 0 -0.115062 -0.442657 0.219205 0 -0.000000 -0.465437 0.219205 0 -0.001841 -0.009296 0.003731
-0.107047 -0.411820 0.300000 0 -0.203615 -0.350315 0.300000 1 -0.218862 -0.376546 0.219205 0 -0.004969 -0.007802 0.003471
-0.107047 -0.411820 0.300000 0 -0.218862 -0.376546 0.219205 0 -0.115062 -0.442657 0.219205 0 -0.005341 -0.008387 0.003731
-0.203615 -0.350315 0.300000 0 -0.280252 -0.254518 0.300000 1 -0.301237 -0.273577 0.219205 0 -0.007740 -0.006192 0.003471
-0.203615 -0.350315 0.300000 0 -0.301237 -0.273577 0.219205 0 -0.218862 -0.376546 0.219205 0 -0.008319 -0.006655 0.003731
-0.280252 -0.254518 0.300000 0 -0.329456 -0.133808 0.300000 1 -0.354125 -0.143828 0.219205 0 -0.009753 -0.003975 0.003471
-0.280252 -0.254518 0.300000 0 -0.354125 -0.143828 0.219205 0 -0.301237 -0.273577 0.219205 0 -0.010483 -0.004273 0.003731
-0.329456 -0.133808 0.300000 0 -0.346410 0.000000 0.300000 1 -0.372350 0.000000 0.219205 0 -0.010811 -0.001370 0.003471
-0.329456 -0.133808 0.300000 0 -0.372350 0.000000 0.219205 0 -0.354125 -0.143828 0.219205 0 -0.011621 -0.001472 0.003731
-0.346410 0.000000 0.300000 0 -0.329456 0.133808 0.300000 1 -0.354125 0.143828 0.219205 0 -0.010811 0.001370 0.003471
-0.346410 0.000000 0.300000 0 -0.354125 0.143828 0.219205 0 -0.372350 0.000000 0.219205 0 -0.011621 0.001472 0.003731
-0.329456 0.133808 0.300000 0 -0.280252 0.254519 0.300000 1 -0.301237 0.273577 0.219205 0 -0.009753 0.003975 0.003471
-0.329456 0.133808 0.300000 0 -0.301237 0.273577 0.219205 0 -0.354125 0.143828 0.219205 0 -0.010483 0.004273 0.003731
-0.280252 0.254519 0.300000 0 -0.203615 0.350315 0.300000 1 -0.218861 0.376546 0.219205 0 -0.007740 0.006192 0.003471
-0.280252 0.254519 0.300000 0 -0.218861 0.376546 0.219205 0 -0.301237 0.273577 0.219205 0 -0.008319 0.006656 0.003731
-0.203615 0.350315 0.300000 0 -0.107047 0.411820 0.300000 1 -0.115062 0.442657 0.219205 0 -0.004969 0.007802 0.003471
-0.203615 0.350315 0.300000 0 -0.115062 0.442657 0.219205 0 -0.218861 0.376546 0.219205 0 -0.005341 0.008386 0.003731
-0.107047 0.411820 0.300000 0 0.000000 0.433013 0.300000 0 0.000000 0.465437 0.219205 0 -0.001712 0.008649 0.003471
-0.107047 0.411820 0.300000 0 0.000000 0.465437 0.219205 0 -0.115062 0.442657 0.219205 0 -0.001841 0.009296 0.003731
0.000000 0.390916 0.374094 1 0.096640 0.371783 0.374094 1 0.107047 0.411820 0.300000 0 0.001418 0.007160 0.004068
0.000000 0.390916 0.374094 0 0.107047 0.411820 0.300000 0 0.000000 0.433013 0.300000 0 0.001570 0.007932 0.004506
0.096640 0.371783 0.374094 0 0.183820 0.316257 0.374094 1 0.203615 0.350315 0.300000 0 0.004114 0.006460 0.004068
0.096640 0.371783 0.374094 0 0.203615 0.350315 0.300000 0 0.107047 0.411820 0.300000 0 0.004557 0.007155 0.004506
0.183820 0.316257 0.374094 0 0.253006 0.229774 0.374094 1 0.280252 0.254518 0.300000 0 0.006408 0.005126 0.004068
0.183820 0.316257 0.374094 0 0.280252 0.254518 0.300000 0 0.203615 0.350315 0.300000 0 0.007098 0.005678 0.004506
0.253006 0.229774 0.374094 0 0.297426 0.120800 0.374094 1 0.329456 0.133808 0.300000 0 0.008074 0.003291 0.004068
0.253006 0.229774 0.374094 0 0.329456 0.133808 0.300000 0 0.280252 0.254518 0.300000 0 0.008944 0.003646 0.004506
0.297426 0.120800 0.374094 0 0.312733 -0.000000 0.374094 1 0.346410 -0.000000 0.300000 0 0.008951 0.001134 0.004068
0.297426 0.120800 0.374094 0 0.346410 -0.000000 0.300000 0 0.329456 0.133808 0.300000 0 0.009914 0.001256 0.004506
0.312733 -0.000000 0.374094 0 0.297426 -0.120800 0.374094 1 0.329456 -0.133808 0.300000 0 0.008951 -0.001134 0.004068
0.312733 -0.000000 0.374094 0 0.329456 -0.133808 0.300000 0 0.346410 -0.000000 0.300000 0 0.009914 -0.001256 0.004506
0.297426 -0.120800 0.374094 0 0.253006 -0.229774 0.374094 1 0.280252 -0.254518 0.300000 0 0.008074 -0.003291 0.004068
0.297426 -0.120800 0.374094 0 0.280252 -0.254518 0.300000 0 0.329456 -0.133808 0.300000 0 0.008944 -0.003646 0.004506
0.253006 -0.229774 0.374094 0 0.183820 -0.316257 0.374094 1 0.203615 -0.350315 0.300000 0 0.006408 -0.005126 0.004068
0.253006 -0.229774 0.374094 0 0.203615 -0.350315 0.300000 0 0.280252 -0.254518 0.300000 0 0.007098 -0.005678 0.004506
0.183820 -0.316257 0.374094 0 0.096640 -0.371783 0.374094 1 0.107047 -0.411820 0.300000 0 0.004114 -0.006460 0.004068
0.183820 -0.316257 0.374094 0 0.107047 -0.411820 0.300000 0 0.203615 -0.350315 0.300000 0 0.004557 -0.007155 0.004506
0.096640 -0.371783 0.374094 0 -0.000000 -0.390916 0.374094 1 -0.000000 -0.433013 0.300000 0 0.001418 -0.007160 0.004068
0.096640 -0.371783 0.374094 0 -0.000000 -0.433013 0.300000 0 0.107047 -0.411820 0.300000 0 0.001570 -0.007932 0.004506
-0.000000 -0.390916 0.374094 0 -0.096640 -0.371783 0.374094 1 -0.107047 -0.411820 0.300000 0 -0.001418 -0.007160 0.004068
-0.000000 -0.390916 0.374094 0 -0.107047 -0.411820 0.300000 0 -0.000000 -0.433013 0.300000 0 -0.001570 -0.007932 0.004506
-0.096640 -0.371783 0.374094 0 -0.183820 -0.316257 0.374094 1 -0.203615 -0.350315 0.300000 0 -0.004114 -0.006460 0.004068
-0.096640 -0.371783 0.374094 0 -0.203615 -0.350315 0.300000 0 -0.107047 -0.411820 0.300000 0 -0.004557 -0.007155 0.004506
-0.183820 -0.316257 0.374094 0 -0.253006 -0.229774 0.374094 1 -0.280252 -0.254518 0.300000 0 -0.006408 -0.005126 0.004068
-0.183820 -0.316257 0.374094 0 -0.280252 -0.254518 0.300000 0 -0.203615 -0.350315 0.300000 0 -0.007098 -0.005678 0.004506
-0.253006 -0.229774 0.374094 0 -0.297426 -0.120800 0.374094 1 -0.329456 -0.133808 0.300000 0 -0.008074 -0.003291 0.004068
-0.253006 -0.229774 0.374094 0 -0.329456 -0.133808 0.300000 0 -0.280252 -0.254518 0.300000 0 -0.008944 -0.003646 0.004506
-0.297426 -0.120800 0.374094 0 -0.312733 0.000000 0.374094 1 -0.346410 0.000000 0.300000 0 -0.008951 -0.001134 0.004068
-0.297426 -0.120800 0.374094 0 -0.346410 0.000000 0.300000 0 -0.329456 -0.133808 0.300000 0 -0.009914 -0.001256 0.004506
-0.312733 0.000000 0.374094 0 -0.297426 0.120800 0.374094 1 -0.329456 0.133808 0.300000 0 -0.008951 0.001134 0.004068
-0.312733 0.000000 0.374094 0 -0.329456 0.133808 0.300000 0 -0.346410 0.000000 0.300000 0 -0.009914 0.001256 0.004506
-0.297426 0.120800 0.374094 0 -0.253006 0.229775 0.374094 1 -0.280252 0.254519 0.300000 0 -0.008074 0.003291 0.004068
-0.297426 0.120800 0.374094 0 -0.280252 0.254519 0.300000 0 -0.329456 0.133808 0.300000 0 -0.008944 0.003646 0.004506
-0.253006 0.229775 0.374094 0 -0.183819 0.316258 0.374094 1 -0.203615 0.350315 0.300000 0 -0.006408 0.005126 0.004068
-0.253006 0.229775 0.374094 0 -0.203615 0.350315 0.300000 0 -0.280252 0.254519 0.300000 0 -0.007098 0.005678 0.004506
-0.183819 0.316258 0.374094 0 -0.096640 0.371783 0.374094 1 -0.107047 0.411820 0.300000 0 -0.004114 0.006459 0.004068
-0.183819 0.316258 0.374094 0 -0.107047 0.411820 0.300000 0 -0.203615 0.350315 0.300000 0 -0.004557 0.007155 0.004506
-0.096640 0.371783 0.374094 0 0.000000 0.390916 0.374094 0 0.000000 0.433013 0.300000 0 -0.001418 0.007160 0.004068
-0.096640 0.371783 0.374094 0 0.000000 0.433013 0.300000 0 -0.107047 0.411820 0.300000 0 -0.001570 0.007932 0.004506
0.000000 0.340086 0.439831 1 0.084074 0.323441 0.439831 1 0.096640 0.371783 0.374094 0 0.001094 0.005527 0.004273
0.000000 0.340086 0.439831 0 0.096640 0.371783 0.374094 0 0.000000 0.390916 0.374094 0 0.001258 0.006353 0.004912
0.084074 0.323441 0.439831 0 0.159918 0.275136 0.439831 1 0.183820 0.316257 0.374094 0 0.003175 0.004986 0.004273
0.084074 0.323441 0.439831 0 0.183820 0.316257 0.374094 0 0.096640 0.371783 0.374094 0 0.003650 0.005731 0.004912
0.159918 0.275136 0.439831 0 0.220109 0.199898 0.439831 1 0.253006 0.229774 0.374094 0 0.004946 0.003957 0.004273
0.159918 0.275136 0.439831 0 0.253006 0.229774 0.374094 0 0.183820 0.316257 0.374094 0 0.005685 0.004548 0.004912
0.220109 0.199898 0.439831 0 0.258753 0.105092 0.439831 1 0.297426 0.120800 0.374094 0 0.006232 0.002540 0.004273
0.220109 0.199898 0.439831 0 0.297426 0.120800 0.374094 0 0.253006 0.229774 0.374094 0 0.007164 0.002920 0.004912
0.258753 0.105092 0.439831 0 0.272069 -0.000000 0.439831 1 0.312733 -0.000000 0.374094 0 0.006908 0.000875 0.004273
0.258753 0.105092 0.439831 0 0.312733 -0.000000 0.374094 0 0.297426 0.120800 0.374094 0 0.007941 0.001006 0.004912
0.272069 -0.000000 0.439831 0 0.258753 -0.105092 0.439831 1 0.297426 -0.120800 0.374094 0 0.006908 -0.000875 0.004273
0.272069 -0.000000 0.439831 0 0.297426 -0.120800 0.374094 0 0.312733 -0.000000 0.374094 0 0.007941 -0.001006 0.004912
0.258753 -0.105092 0.439831 0 0.220109 -0.199898 0.439831 1 0.253006 -0.229774 0.374094 0 0.006232 -0.002540 0.004273
0.258753 -0.105092 0.439831 0 0.253006 -0.229774 0.374094 0 0.297426 -0.120800 0.374094 0 0.007164 -0.002920 0.004912
0.220109 -0.199898 0.439831 0 0.159918 -0.275136 0.439831 1 0.183820 -0.316257 0.374094 0 0.004946 -0.003957 0.004273
0.220109 -0.199898 0.439831 0 0.183820 -0.316257 0.374094 0 0.253006 -0.229774 0.374094 0 0.005685 -0.004548 0.004912
0.159918 -0.275136 0.439831 0 0.084074 -0.323441 0.439831 1 0.096640 -0.371783 0.374094 0 0.003175 -0.004986 0.004273
0.159918 -0.275136 0.439831 0 0.096640 -0.371783 0.374094 0 0.183820 -0.316257 0.374094 0 0.003650 -0.005731 0.004912
0.084074 -0.323441 0.439831 0 -0.000000 -0.340086 0.439831 1 -0.000000 -0.390916 0.374094 0 0.001094 -0.005527 0.004273
0.084074 -0.323441 0.439831 0 -0.000000 -0.390916 0.374094 0 0.096640 -0.371783 0.374094 0 0.001258 -0.006353 0.004912
-0.000000 -0.340086 0.439831 0 -0.084074 -0.323441 0.439831 1 -0.096640 -0.371783 0.374094 0 -0.001094 -0.005527 0.004273
-0.000000 -0.340086 0.439831 0 -0.096640 -0.371783 0.374094 0 -0.000000 -0.390916 0.374094 0 -0.001258 -0.006353 0.004912
-0.084074 -0.323441 0.439831 0 -0.159918 -0.275136 0.439831 1 -0.183820 -0.316257 0.374094 0 -0.003175 -0.004986 0.004273
-0.084074 -0.323441 0.439831 0 -0.183820 -0.316257 0.374094 0 -0.096640 -0.371783 0.374094 0 -0.003650 -0.005731 0.004912
-0.159918 -0.275136 0.439831 0 -0.220109 -0.199898 0.439831 1 -0.253006 -0.229774 0.374094 0 -0.004946 -0.003957 0.004273
-0.159918 -0.275136 0.439831 0 -0.253006 -0.229774 0.374094 0 -0.183820 -0.316257 0.374094 0 -0.005685 -0.004548 0.004912
-0.220109 -0.199898 0.439831 0 -0.258753 -0.105092 0.439831 1 -0.297426 -0.120800 0.374094 0 -0.006232 -0.002540 0.004273
-0.220109 -0.199898 0.439831 0 -0.297426 -0.120800 0.374094 0 -0.253006 -0.229774 0.374094 0 -0.007164 -0.002920 0.004912
-0.258753 -0.105092 0.439831 0 -0.272069 0.000000 0.439831 1 -0.312733 0.000000 0.374094 0 -0.006908 -0.000875 0.004273
-0.258753 -0.105092 0.439831 0 -0.312733 0.000000 0.374094 0 -0.297426 -0.120800 0.374094 0 -0.007941 -0.001006 0.004912
-0.272069 0.000000 0.439831 0 -0.258753 0.105093 0.439831 1 -0.297426 0.120800 0.374094 0 -0.006908 0.000875 0.004273
-0.272069 0.000000 0.439831 0 -0.297426 0.120800 0.374094 0 -0.312733 0.000000 0.374094 0 -0.007941 0.001006 0.004912
-0.258753 0.105093 0.439831 0 -0.220108 0.199898 0.439831 1 -0.253006 0.229775 0.374094 0 -0.006232 0.002540 0.004273
-0.258753 0.105093 0.439831 0 -0.253006 0.229775 0.374094 0 -0.297426 0.120800 0.374094 0 -0.007164 0.002920 0.004912
-0.220108 0.199898 0.439831 0 -0.159918 0.275136 0.439831 1 -0.183819 0.316258 0.374094 0 -0.004946 0.003957 0.004273
-0.220108 0.199898 0.439831 0 -0.183819 0.316258 0.374094 0 -0.253006 0.229775 0.374094 0 -0.005685 0.004548 0.004912
-0.159918 0.275136 0.439831 0 -0.084074 0.323441 0.439831 1 -0.096640 0.371783 0.374094 0 -0.003175 0.004986 0.004273
-0.159918 0.275136 0.439831 0 -0.096640 0.371783 0.374094 0 -0.183819 0.316258 0.374094 0 -0.003650 0.005731 0.004912
-0.084074 0.323441 0.439831 0 0.000000 0.340086 0.439831 0 0.000000 0.390916 0.374094 0 -0.001094 0.005527 0.004273
-0.084074 0.323441 0.439831 0 0.000000 0.390916 0.374094 0 -0.096640 0.371783 0.374094 0 -0.001258 0.006353 0.004912
0.000000 0.281660 0.495743 1 0.069630 0.267875 0.495743 1 0.084074 0.323441 0.439831 0 0.000771 0.003893 0.004068
0.000000 0.281660 0.495743 0 0.084074 0.323441 0.439831 0 0.000000 0.340086 0.439831 0 0.000931 0.004701 0.004912
0.069630 0.267875 0.495743 0 0.132444 0.227868 0.495743 1 0.159918 0.275136 0.439831 0 0.002237 0.003512 0.004068
0.069630 0.267875 0.495743 0 0.159918 0.275136 0.439831 0 0.084074 0.323441 0.439831 0 0.002701 0.004241 0.004912
0.132444 0.227868 0.495743 0 0.182294 0.165556 0.495743 1 0.220109 0.199898 0.439831 0 0.003484 0.002787 0.004068
0.132444 0.227868 0.495743 0 0.220109 0.199898 0.439831 0 0.159918 0.275136 0.439831 0 0.004207 0.003365 0.004912
0.182294 0.165556 0.495743 0 0.214300 0.087038 0.495743 1 0.258753 0.105092 0.439831 0 0.004390 0.001790 0.004068
0.182294 0.165556 0.495743 0 0.258753 0.105092 0.439831 0 0.220109 0.199898 0.439831 0 0.005301 0.002161 0.004912
0.214300 0.087038 0.495743 0 0.225328 -0.000000 0.495743 1 0.272069 -0.000000 0.439831 0 0.004866 0.000617 0.004068
0.214300 0.087038 0.495743 0 0.272069 -0.000000 0.439831 0 0.258753 0.105092 0.439831 0 0.005876 0.000745 0.004912
0.225328 -0.000000 0.495743 0 0.214300 -0.087038 0.495743 1 0.258753 -0.105092 0.439831 0 0.004866 -0.000617 0.004068
0.225328 -0.000000 0.495743 0 0.258753 -0.105092 0.439831 0 0.272069 -0.000000 0.439831 0 0.005876 -0.000745 0.004912
0.214300 -0.087038 0.495743 0 0.182294 -0.165556 0.495743 1 0.220109 -0.199898 0.439831 0 0.004390 -0.001790 0.004068
0.214300 -0.087038 0.495743 0 0.220109 -0.199898 0.439831 0 0.258753 -0.105092 0.439831 0 0.005301 -0.002161 0.004912
0.182294 -0.165556 0.495743 0 0.132444 -0.227868 0.495743 1 0.159918 -0.275136 0.439831 0 0.003484 -0.002787 0.004068
0.182294 -0.165556 0.495743 0 0.159918 -0.275136 0.439831 0 0.220109 -0.199898 0.439831 0 0.004207 -0.003365 0.004912
0.132444 -0.227868 0.495743 0 0.069630 -0.267875 0.495743 1 0.084074 -0.323441 0.439831 0 0.002237 -0.003512 0.004068
0.132444 -0.227868 0.495743 0 0.084074 -0.323441 0.439831 0 0.159918 -0.275136 0.439831 0 0.002701 -0.004241 0.004912
0.069630 -0.267875 0.495743 0 -0.000000 -0.281660 0.495743 1 -0.000000 -0.340086 0.439831 0 0.000771 -0.003893 0.004068
0.069630 -0.267875 0.495743 0 -0.000000 -0.340086 0.439831 0 0.084074 -0.323441 0.439831 0 0.000931 -0.004701 0.004912
-0.000000 -0.281660 0.495743 0 -0.069630 -0.267875 0.495743 1 -0.084074 -0.323441 0.439831 0 -0.000771 -0.003893 0.004068
-0.000000 -0.281660 0.495743 0 -0.084074 -0.323441 0.439831 0 -0.000000 -0.340086 0.439831 0 -0.000931 -0.004701 0.004912
-0.069630 -0.267875 0.495743 0 -0.132445 -0.227868 0.495743 1 -0.159918 -0.275136 0.439831 0 -0.002237 -0.003512 0.004068
-0.069630 -0.267875 0.495743 0 -0.159918 -0.275136 0.439831 0 -0.084074 -0.323441 0.439831 0 -0.002701 -0.004241 0.004912
-0.132445 -0.227868 0.495743 0 -0.182294 -0.165556 0.495743 1 -0.220109 -0.199898 0.439831 0 -0.003484 -0.002787 0.004068
-0.132445 -0.227868 0.495743 0 -0.220109 -0.199898 0.439831 0 -0.159918 -0.275136 0.439831 0 -0.004207 -0.003365 0.004912
-0.182294 -0.165556 0.495743 0 -0.214300 -0.087038 0.495743 1 -0.258753 -0.105092 0.439831 0 -0.004390 -0.001790 0.004068
-0.182294 -0.165556 0.495743 0 -0.258753 -0.105092 0.439831 0 -0.220109 -0.199898 0.439831 0 -0.005301 -0.002161 0.004912
-0.214300 -0.087038 0.495743 0 -0.225328 0.000000 0.495743 1 -0.272069 0.000000 0.439831 0 -0.004866 -0.000617 0.004068
-0.214300 -0.087038 0.495743 0 -0.272069 0.000000 0.439831 0 -0.258753 -0.105092 0.439831 0 -0.005876 -0.000745 0.004912
-0.225328 0.000000 0.495743 0 -0.214300 0.087038 0.495743 1 -0.258753 0.105093 0.439831 0 -0.004866 0.000617 0.004068
-0.225328 0.000000 0.495743 0 -0.258753 0.105093 0.439831 0 -0.272069 0.000000 0.439831 0 -0.005876 0.000745 0.004912
-0.214300 0.087038 0.495743 0 -0.182294 0.165556 0.495743 1 -0.220108 0.199898 0.439831 0 -0.004390 0.001790 0.004068
-0.214300 0.087038 0.495743 0 -0.220108 0.199898 0.439831 0 -0.258753 0.105093 0.439831 0 -0.005301 0.002161 0.004912
-0.182294 0.165556 0.495743 0 -0.132444 0.227868 0.495743 1 -0.159918 0.275136 0.439831 0 -0.003484 0.002787 0.004068
-0.182294 0.165556 0.495743 0 -0.159918 0.275136 0.439831 0 -0.220108 0.199898 0.439831 0 -0.004207 0.003365 0.004912
-0.132444 0.227868 0.495743 0 -0.069630 0.267875 0.495743 1 -0.084074 0.323441 0.439831 0 -0.002237 0.003512 0.004068
-0.132444 0.227868 0.495743 0 -0.084074 0.323441 0.439831 0 -0.159918 0.275136 0.439831 0 -0.002701 0.004241 0.004912
-0.069630 0.267875 0.495743 0 0.000000 0.281660 0.495743 0 0.000000 0.340086 0.439831 0 -0.000771 0.003893 0.004068
-0.069630 0.267875 0.495743 0 0.000000 0.340086 0.439831 0 -0.084074 0.323441 0.439831 0 -0.000931 0.004701 0.004912
0.000000 0.216942 0.540581 1 0.053631 0.206324 0.540581 1 0.069630 0.267875 0.495743 0 0.000476 0.002405 0.003471
0.000000 0.216942 0.540581 0 0.069630 0.267875 0.495743 0 0.000000 0.281660 0.495743 0 0.000618 0.003122 0.004506
0.053631 0.206324 0.540581 0 0.102012 0.175510 0.540581 1 0.132444 0.227868 0.495743 0 0.001382 0.002169 0.003471
0.053631 0.206324 0.540581 0 0.132444 0.227868 0.495743 0 0.069630 0.267875 0.495743 0 0.001794 0.002816 0.004506
0.102012 0.175510 0.540581 0 0.140408 0.127515 0.540581 1 0.182294 0.165556 0.495743 0 0.002152 0.001722 0.003471
0.102012 0.175510 0.540581 0 0.182294 0.165556 0.495743 0 0.132444 0.227868 0.495743 0 0.002794 0.002235 0.004506
0.140408 0.127515 0.540581 0 0.165059 0.067039 0.540581 1 0.214300 0.087038 0.495743 0 0.002712 0.001105 0.003471
0.140408 0.127515 0.540581 0 0.214300 0.087038 0.495743 0 0.182294 0.165556 0.495743 0 0.003521 0.001435 0.004506
0.165059 0.067039 0.540581 0 0.173553 -0.000000 0.540581 1 0.225328 -0.000000 0.495743 0 0.003006 0.000381 0.003471
0.165059 0.067039 0.540581 0 0.225328 -0.000000 0.495743 0 0.214300 0.087038 0.495743 0 0.003903 0.000494 0.004506
0.173553 -0.000000 0.540581 0 0.165059 -0.067039 0.540581 1 0.214300 -0.087038 0.495743 0 0.003006 -0.000381 0.003471
0.173553 -0.000000 0.540581 0 0.214300 -0.087038 0.495743 0 0.225328 -0.000000 0.495743 0 0.003903 -0.000494 0.004506
0.165059 -0.067039 0.540581 0 0.140408 -0.127515 0.540581 1 0.182294 -0.165556 0.495743 0 0.002712 -0.001105 0.003471
0.165059 -0.067039 0.540581 0 0.182294 -0.165556 0.495743 0 0.214300 -0.087038 0.495743 0 0.003521 -0.001435 0.004506
0.140408 -0.127515 0.540581 0 0.102012 -0.175510 0.540581 1 0.132444 -0.227868 0.495743 0 0.002152 -0.001722 0.003471
0.140408 -0.127515 0.540581 0 0.132444 -0.227868 0.495743 0 0.182294 -0.165556 0.495743 0 0.002794 -0.002235 0.004506
0.102012 -0.175510 0.540581 0 0.053631 -0.206324 0.540581 1 0.069630 -0.267875 0.495743 0 0.001382 -0.002169 0.003471
0.102012 -0.175510 0.540581 0 0.069630 -0.267875 0.495743 0 0.132444 -0.227868 0.495743 0 0.001794 -0.002816 0.004506
0.053631 -0.206324 0.540581 0 -0.000000 -0.216942 0.540581 1 -0.000000 -0.281660 0.495743 0 0.000476 -0.002405 0.003471
0.053631 -0.206324 0.540581 0 -0.000000 -0.281660 0.495743 0 0.069630 -0.267875 0.495743 0 0.000618 -0.003122 0.004506
-0.000000 -0.216942 0.540581 0 -0.053631 -0.206324 0.540581 1 -0.069630 -0.267875 0.495743 0 -0.000476 -0.002405 0.003471
-0.000000 -0.216942 0.540581 0 -0.069630 -0.267875 0.495743 0 -0.000000 -0.281660 0.495743 0 -0.000618 -0.003122 0.004506
-0.053631 -0.206324 0.540581 0 -0.102012 -0.175510 0.540581 1 -0.132445 -0.227868 0.495743 0 -0.001382 -0.002169 0.003471
-0.053631 -0.206324 0.540581 0 -0.132445 -0.227868 0.495743 0 -0.069630 -0.267875 0.495743 0 -0.001794 -0.002816 0.004506
-0.102012 -0.175510 0.540581 0 -0.140408 -0.127515 0.540581 1 -0.182294 -0.165556 0.495743 0 -0.002152 -0.001722 0.003471
-0.102012 -0.175510 0.540581 0 -0.182294 -0.165556 0.495743 0 -0.132445 -0.227868 0.495743 0 -0.002794 -0.002235 0.004506
-0.140408 -0.127515 0.540581 0 -0.165059 -0.067039 0.540581 1 -0.214300 -0.087038 0.495743 0 -0.002712 -0.001105 0.003471
-0.140408 -0.127515 0.540581 0 -0.214300 -0.087038 0.495743 0 -0.182294 -0.165556 0.495743 0 -0.003521 -0.001435 0.004506
-0.165059 -0.067039 0.540581 0 -0.173553 0.000000 0.540581 1 -0.225328 0.000000 0.495743 0 -0.003006 -0.000381 0.003471
-0.165059 -0.067039 0.540581 0 -0.225328 0.000000 0.495743 0 -0.214300 -0.087038 0.495743 0 -0.003903 -0.000494 0.004506
-0.173553 0.000000 0.540581 0 -0.165059 0.067039 0.540581 1 -0.214300 0.087038 0.495743 0 -0.003006 0.000381 0.003471
-0.173553 0.000000 0.540581 0 -0.214300 0.087038 0.495743 0 -0.225328 0.000000 0.495743 0 -0.003903 0.000494 0.004506
-0.165059 0.067039 0.540581 0 -0.140408 0.127515 0.540581 1 -0.182294 0.165556 0.495743 0 -0.002712 0.001105 0.003471
-0.165059 0.067039 0.540581 0 -0.182294 0.165556 0.495743 0 -0.214300 0.087038 0.495743 0 -0.003521 0.001435 0.004506
-0.140408 0.127515 0.540581 0 -0.102012 0.175510 0.540581 1 -0.132444 0.227868 0.495743 0 -0.002152 0.001722 0.003471
-0.140408 0.127515 0.540581 0 -0.132444 0.227868 0.495743 0 -0.182294 0.165556 0.495743 0 -0.002794 0.002235 0.004506
-0.102012 0.175510 0.540581 0 -0.053631 0.206324 0.540581 1 -0.069630 0.267875 0.495743 0 -0.001382 0.002169 0.003471
-0.102012 0.175510 0.540581 0 -0.069630 0.267875 0.495743 0 -0.132444 0.227868 0.495743 0 -0.001794 0.002816 0.004506
-0.053631 0.206324 0.540581 0 0.000000 0.216942 0.540581 0 0.000000 0.281660 0.495743 0 -0.000476 0.002405 0.003471
-0.053631 0.206324 0.540581 0 0.000000 0.281660 0.495743 0 -0.069630 0.267875 0.495743 0 -0.000618 0.003122 0.004506
0.000000 0.147378 0.573344 1 0.036434 0.140164 0.573344 1 0.053631 0.206324 0.540581 0 0.000236 0.001194 0.002535
0.000000 0.147378 0.573344 0 0.053631 0.206324 0.540581 0 0.000000 0.216942 0.540581 0 0.000348 0.001757 0.003731
0.036434 0.140164 0.573344 0 0.069301 0.119231 0.573344 1 0.102012 0.175510 0.540581 0 0.000686 0.001077 0.002534
0.036434 0.140164 0.573344 0 0.102012 0.175510 0.540581 0 0.053631 0.206324 0.540581 0 0.001010 0.001585 0.003731
0.069301 0.119231 0.573344 0 0.095385 0.086626 0.573344 1 0.140408 0.127515 0.540581 0 0.001068 0.000855 0.002535
0.069301 0.119231 0.573344 0 0.140408 0.127515 0.540581 0 0.102012 0.175510 0.540581 0 0.001572 0.001258 0.003731
0.095385 0.086626 0.573344 0 0.112132 0.045542 0.573344 1 0.165059 0.067039 0.540581 0 0.001346 0.000549 0.002534
0.095385 0.086626 0.573344 0 0.165059 0.067039 0.540581 0 0.140408 0.127515 0.540581 0 0.001981 0.000808 0.003731
0.112132 0.045542 0.573344 0 0.117902 -0.000000 0.573344 1 0.173553 -0.000000 0.540581 0 0.001492 0.000189 0.002534
0.112132 0.045542 0.573344 0 0.173553 -0.000000 0.540581 0 0.165059 0.067039 0.540581 0 0.002196 0.000278 0.003731
0.117902 -0.000000 0.573344 0 0.112132 -0.045542 0.573344 1 0.165059 -0.067039 0.540581 0 0.001492 -0.000189 0.002534
0.117902 -0.000000 0.573344 0 0.165059 -0.067039 0.540581 0 0.173553 -0.000000 0.540581 0 0.002196 -0.000278 0.003731
0.112132 -0.045542 0.573344 0 0.095385 -0.086626 0.573344 1 0.140408 -0.127515 0.540581 0 0.001346 -0.000549 0.002534
0.112132 -0.045542 0.573344 0 0.140408 -0.127515 0.540581 0 0.165059 -0.067039 0.540581 0 0.001981 -0.000808 0.003731
0.095385 -0.086626 0.573344 0 0.069301 -0.119231 0.573344 1 0.102012 -0.175510 0.540581 0 0.001068 -0.000855 0.002535
0.095385 -0.086626 0.573344 0 0.102012 -0.175510 0.540581 0 0.140408 -0.127515 0.540581 0 0.001572 -0.001258 0.003731
0.069301 -0.119231 0.573344 0 0.036434 -0.140164 0.573344 1 0.053631 -0.206324 0.540581 0 0.000686 -0.001077 0.002534
0.069301 -0.119231 0.573344 0 0.053631 -0.206324 0.540581 0 0.102012 -0.175510 0.540581 0 0.001010 -0.001585 0.003731
0.036434 -0.140164 0.573344 0 -0.000000 -0.147378 0.573344 1 -0.000000 -0.216942 0.540581 0 0.000236 -0.001194 0.002534
0.036434 -0.140164 0.573344 0 -0.000000 -0.216942 0.540581 0 0.053631 -0.206324 0.540581 0 0.000348 -0.001757 0.003731
-0.000000 -0.147378 0.573344 0 -0.036434 -0.140164 0.573344 1 -0.053631 -0.206324 0.540581 0 -0.000236 -0.001194 0.002535
-0.000000 -0.147378 0.573344 0 -0.053631 -0.206324 0.540581 0 -0.000000 -0.216942 0.540581 0 -0.000348 -0.001757 0.003731
-0.036434 -0.140164 0.573344 0 -0.069301 -0.119231 0.573344 1 -0.102012 -0.175510 0.540581 0 -0.000686 -0.001077 0.002534
-0.036434 -0.140164 0.573344 0 -0.102012 -0.175510 0.540581 0 -0.053631 -0.206324 0.540581 0 -0.001010 -0.001585 0.003731
-0.069301 -0.119231 0.573344 0 -0.095385 -0.086626 0.573344 1 -0.140408 -0.127515 0.540581 0 -0.001068 -0.000855 0.002535
-0.069301 -0.119231 0.573344 0 -0.140408 -0.127515 0.540581 0 -0.102012 -0.175510 0.540581 0 -0.001572 -0.001258 0.003731
-0.095385 -0.086626 0.573344 0 -0.112132 -0.045542 0.573344 1 -0.165059 -0.067039 0.540581 0 -0.001346 -0.000549 0.002534
-0.095385 -0.086626 0.573344 0 -0.165059 -0.067039 0.540581 0 -0.140408 -0.127515 0.540581 0 -0.001981 -0.000808 0.003731
-0.112132 -0.045542 0.573344 0 -0.117902 0.000000 0.573344 1 -0.173553 0.000000 0.540581 0 -0.001492 -0.000189 0.002534
-0.112132 -0.045542 0.573344 0 -0.173553 0.000000 0.540581 0 -0.165059 -0.067039 0.540581 0 -0.002196 -0.000278 0.003731
-0.117902 0.000000 0.573344 0 -0.112132 0.045542 0.573344 1 -0.165059 0.067039 0.540581 0 -0.001492 0.000189 0.002534
-0.117902 0.000000 0.573344 0 -0.165059 0.067039 0.540581 0 -0.173553 0.000000 0.540581 0 -0.002196 0.000278 0.003731
-0.112132 0.045542 0.573344 0 -0.095385 0.086626 0.573344 1 -0.140408 0.127515 0.540581 0 -0.001346 0.000549 0.002534
-0.112132 0.045542 0.573344 0 -0.140408 0.127515 0.540581 0 -0.165059 0.067039 0.540581 0 -0.001981 0.000808 0.003731
-0.095385 0.086626 0.573344 0 -0.069301 0.119231 0.573344 1 -0.102012 0.175510 0.540581 0 -0.001068 0.000855 0.002535
-0.095385 0.086626 0.573344 0 -0.102012 0.175510 0.540581 0 -0.140408 0.127515 0.540581 0 -0.001572 0.001258 0.003731
-0.069301 0.119231 0.573344 0 -0.036434 0.140164 0.573344 1 -0.053631 0.206324 0.540581 0 -0.000686 0.001077 0.002534
-0.069301 0.119231 0.573344 0 -0.053631 0.206324 0.540581 0 -0.102012 0.175510 0.540581 0 -0.001010 0.001585 0.003731
-0.036434 0.140164 0.573344 0 0.000000 0.147378 0.573344 0 0.000000 0.216942 0.540581 0 -0.000236 0.001194 0.002534
-0.036434 0.140164 0.573344 0 0.000000 0.216942 0.540581 0 -0.053631 0.206324 0.540581 0 -0.000348 0.001757 0.003731
0.000000 0.074521 0.593299 0 0.018423 0.070874 0.593299 0 0.036434 0.140164 0.573344 0 0.000073 0.000368 0.001342
0.000000 0.074521 0.593299 0 0.036434 0.140164 0.573344 0 0.000000 0.147378 0.573344 0 0.000144 0.000727 0.002654
0.018423 0.070874 0.593299 0 0.035042 0.060289 0.593299 0 0.069301 0.119231 0.573344 0 0.000211 0.000332 0.001342
0.018423 0.070874 0.593299 0 0.069301 0.119231 0.573344 0 0.036434 0.140164 0.573344 0 0.000418 0.000656 0.002654
0.035042 0.060289 0.593299 0 0.048231 0.043802 0.593299 0 0.095385 0.086626 0.573344 0 0.000329 0.000263 0.001342
0.035042 0.060289 0.593299 0 0.095385 0.086626 0.573344 0 0.069301 0.119231 0.573344 0 0.000651 0.000521 0.002654
0.048231 0.043802 0.593299 0 0.056699 0.023028 0.593299 0 0.112132 0.045542 0.573344 0 0.000415 0.000169 0.001342
0.048231 0.043802 0.593299 0 0.112132 0.045542 0.573344 0 0.095385 0.086626 0.573344 0 0.000820 0.000334 0.002654
0.056699 0.023028 0.593299 0 0.059617 -0.000000 0.593299 0 0.117902 -0.000000 0.573344 0 0.000460 0.000058 0.001342
0.056699 0.023028 0.593299 0 0.117902 -0.000000 0.573344 0 0.112132 0.045542 0.573344 0 0.000909 0.000115 0.002654
0.059617 -0.000000 0.593299 0 0.056699 -0.023028 0.593299 0 0.112132 -0.045542 0.573344 0 0.000460 -0.000058 0.001342
0.059617 -0.000000 0.593299 0 0.112132 -0.045542 0.573344 0 0.117902 -0.000000 0.573344 0 0.000909 -0.000115 0.002654
0.056699 -0.023028 0.593299 0 0.048231 -0.043802 0.593299 0 0.095385 -0.086626 0.573344 0 0.000415 -0.000169 0.001342
0.056699 -0.023028 0.593299 0 0.095385 -0.086626 0.573344 0 0.112132 -0.045542 0.573344 0 0.000820 -0.000334 0.002654
0.048231 -0.043802 0.593299 0 0.035042 -0.060289 0.593299 0 0.069301 -0.119231 0.573344 0 0.000329 -0.000263 0.001342
0.048231 -0.043802 0.593299 0 0.069301 -0.119231 0.573344 0 0.095385 -0.086626 0.573344 0 0.000651 -0.000521 0.002654
0.035042 -0.060289 0.593299 0 0.018423 -0.070874 0.593299 0 0.036434 -0.140164 0.573344 0 0.000211 -0.000332 0.001342
0.035042 -0.060289 0.593299 0 0.036434 -0.140164 0.573344 0 0.069301 -0.119231 0.573344 0 0.000418 -0.000656 0.002654
0.018423 -0.070874 0.593299 0 -0.000000 -0.074521 0.593299 0 -0.000000 -0.147378 0.573344 0 0.000073 -0.000368 0.001342
0.018423 -0.070874 0.593299 0 -0.000000 -0.147378 0.573344 0 0.036434 -0.140164 0.573344 0 0.000144 -0.000727 0.002654
-0.000000 -0.074521 0.593299 0 -0.018423 -0.070874 0.593299 0 -0.036434 -0.140164 0.573344 0 -0.000073 -0.000368 0.001342
-0.000000 -0.074521 0.593299 0 -0.036434 -0.140164 0.573344 0 -0.000000 -0.147378 0.573344 0 -0.000144 -0.000727 0.002654
-0.018423 -0.070874 0.593299 0 -0.035042 -0.060289 0.593299 0 -0.069301 -0.119231 0.573344 0 -0.000211 -0.000332 0.001342
-0.018423 -0.070874 0.593299 0 -0.069301 -0.119231 0.573344 0 -0.036434 -0.140164 0.573344 0 -0.000418 -0.000656 0.002654
-0.035042 -0.060289 0.593299 0 -0.048231 -0.043802 0.593299 0 -0.095385 -0.086626 0.573344 0 -0.000329 -0.000263 0.001342
-0.035042 -0.060289 0.593299 0 -0.095385 -0.086626 0.573344 0 -0.069301 -0.119231 0.573344 0 -0.000651 -0.000521 0.002654
-0.048231 -0.043802 0.593299 0 -0.056699 -0.023028 0.593299 0 -0.112132 -0.045542 0.573344 0 -0.000415 -0.000169 0.001342
-0.048231 -0.043802 0.593299 0 -0.112132 -0.045542 0.573344 0 -0.095385 -0.086626 0.573344 0 -0.000820 -0.000334 0.002654
-0.056699 -0.023028 0.593299 0 -0.059617 0.000000 0.593299 0 -0.117902 0.000000 0.573344 0 -0.000460 -0.000058 0.001342
-0.056699 -0.023028 0.593299 0 -0.117902 0.000000 0.573344 0 -0.112132 -0.045542 0.573344 0 -0.000909 -0.000115 0.002654
-0.059617 0.000000 0.593299 0 -0.056699 0.023028 0.593299 0 -0.112132 0.045542 0.573344 0 -0.000460 0.000058 0.001342
-0.059617 0.000000 0.593299 0 -0.112132 0.045542 0.573344 0 -0.117902 0.000000 0.573344 0 -0.000909 0.000115 0.002654
-0.056699 0.023028 0.593299 0 -0.048231 0.043802 0.593299 0 -0.095385 0.086626 0.573344 0 -0.000415 0.000169 0.001342
-0.056699 0.023028 0.593299 0 -0.095385 0.086626 0.573344 0 -0.112132 0.045542 0.573344 0 -0.000820 0.000334 0.002654
-0.048231 0.043802 0.593299 0 -0.035042 0.060289 0.593299 0 -0.069301 0.119231 0.573344 0 -0.000329 0.000263 0.001342
-0.048231 0.043802 0.593299 0 -0.069301 0.119231 0.573344 0 -0.095385 0.086626 0.573344 0 -0.000651 0.000521 0.002654
-0.035042 0.060289 0.593299 0 -0.018423 0.070874 0.593299 0 -0.036434 0.140164 0.573344 0 -0.000211 0.000332 0.001342
-0.035042 0.060289 0.593299 0 -0.036434 0.140164 0.573344 0 -0.069301 0.119231 0.573344 0 -0.000418 0.000656 0.002654
-0.018423 0.070874 0.593299 0 0.000000 0.074521 0.593299 0 0.000000 0.147378 0.573344 0 -0.000073 0.000368 0.001342
-0.018423 0.070874 0.593299 0 0.000000 0.147378 0.573344 0 -0.036434 0.140164 0.573344 0 -0.000144 0.000727 0.002654
