12 0.128000 0.500000 1.000000
0.400000 0.200000 0.200000 1 0.400000 -0.200000 0.200000 1 0.400000 0.200000 -0.200000 1 0.160000 0.000000 0.000000
0.400000 -0.200000 0.200000 0 0.400000 -0.200000 -0.200000 1 0.400000 0.200000 -0.200000 0 0.160000 -0.000000 0.000000
-0.400000 0.200000 0.200000 1 -0.400000 -0.200000 0.200000 1 0.400000 -0.200000 0.200000 0 -0.000000 0.000000 0.320000
-0.400000 0.200000 0.200000 0 0.400000 -0.200000 0.200000 0 0.400000 0.200000 0.200000 0 -0.000000 0.000000 0.320000
-0.400000 0.200000 -0.200000 1 -0.400000 -0.200000 -0.200000 1 -0.400000 -0.200000 0.200000 0 -0.160000 0.000000 0.000000
-0.400000 0.200000 -0.200000 0 -0.400000 -0.200000 0.200000 0 -0.400000 0.200000 0.200000 0 -0.160000 0.000000 0.000000
0.400000 0.200000 -0.200000 0 0.400000 -0.200000 -0.200000 0 -0.400000 -0.200000 -0.200000 0 -0.000000 -0.000000 -0.320000
0.400000 0.200000 -0.200000 0 -0.400000 -0.200000 -0.200000 0 -0.400000 0.200000 -0.200000 0 -0.000000 0.000000 -0.320000
-0.400000 0.200000 -0.200000 0 -0.400000 0.200000 0.200000 0 0.400000 0.200000 0.200000 0 0.000000 0.320000 0.000000
-0.400000 0.200000 -0.200000 0 0.400000 0.200000 0.200000 0 0.400000 0.200000 -0.200000 0 -0.000000 0.320000 0.000000
-0.400000 -0.200000 -0.200000 0 0.400000 -0.200000 -0.200000 0 0.400000 -0.200000 0.200000 0 0.000000 -0.320000 0.000000
-0.400000 -0.200000 -0.200000 0 0.400000 -0.200000 0.200000 0 -0.400000 -0.200000 0.200000 0 0.000000 -0.320000 0.000000
