3
12 8
0.2 0.2 0.2 0.2 -0.2 0.2 0.2 0.2 -0.2 
0.2 -0.2 0.2 0.2 -0.2 -0.2 0.2 0.2 -0.2 
-0.2 0.2 0.2 -0.2 -0.2 0.2 0.2 -0.2 0.2 
-0.2 0.2 0.2 0.2 -0.2 0.2 0.2 0.2 0.2 
-0.2 0.2 -0.2 -0.2 -0.2 -0.2 -0.2 -0.2 0.2
-0.2 0.2 -0.2 -0.2 -0.2 0.2 -0.2 0.2 0.2 
0.2 0.2 -0.2 0.2 -0.2 -0.2 -0.2 -0.2 -0.2
0.2 0.2 -0.2 -0.2 -0.2 -0.2 -0.2 0.2 -0.2
-0.2 0.2 -0.2 -0.2 0.2 0.2 0.2 0.2 0.2
-0.2 0.2 -0.2 0.2 0.2 0.2 0.2 0.2 -0.2
-0.2 -0.2 -0.2 0.2 -0.2 -0.2 0.2 -0.2 0.2
-0.2 -0.2 -0.2 0.2 -0.2 0.2 -0.2 -0.2 0.2
12 16
0.4 0.2 0.2 0.4 -0.2 0.2 0.4 0.2 -0.2
0.4 -0.2 0.2 0.4 -0.2 -0.2 0.4 0.2 -0.2
-0.4 0.2 0.2 -0.4 -0.2 0.2 0.4 -0.2 0.2
-0.4 0.2 0.2 0.4 -0.2 0.2 0.4 0.2 0.2
-0.4 0.2 -0.2 -0.4 -0.2 -0.2 -0.4 -0.2 0.2
-0.4 0.2 -0.2 -0.4 -0.2 0.2 -0.4 0.2 0.2
0.4 0.2 -0.2 0.4 -0.2 -0.2 -0.4 -0.2 -0.2
0.4 0.2 -0.2 -0.4 -0.2 -0.2 -0.4 0.2 -0.2
-0.4 0.2 -0.2 -0.4 0.2 0.2 0.4 0.2 0.2
-0.4 0.2 -0.2 0.4 0.2 0.2 0.4 0.2 -0.2
-0.4 -0.2 -0.2 0.4 -0.2 -0.2 0.4 -0.2 0.2
-0.4 -0.2 -0.2 0.4 -0.2 0.2 -0.4 -0.2 0.2
4 0.94280904
0 1.224745 0 1 -0.408248 0.577350 0 -0.408248 1.154701
-1 -0.408248 0.577350 0 -0.408248 1.154701 1 -0.408248 0.577350
0 1.224745 0 -1 -0.408248 0.577350 1 -0.408248 0.577350
0 1.224748 0 0 -0.408248 1.154701 -1 -0.408248 0.577350
