48 0.1199999601 3.7000000477 0.8200000000 0.4387482267
0.3000000119 -0.2000000030 0.2500000000 0.0000000000 0.0000000000 1 0.3000000119 -0.2000000030 0.0000000000 0.0000000000 0.5000000000 1 0.3000000119 0.0000000000 0.0000000000 0.5000000000 0.5000000000 1 0.0500000007 -0.0000000000 0.0000000000
0.3000000119 -0.2000000030 0.2500000000 0.0000000000 0.0000000000 0 0.3000000119 0.0000000000 0.0000000000 0.5000000000 0.5000000000 0 0.3000000119 0.0000000000 0.2500000000 0.5000000000 0.0000000000 1 0.0500000007 -0.0000000000 0.0000000000
0.3000000119 0.0000000000 0.2500000000 0.5000000000 0.0000000000 0 0.3000000119 0.0000000000 0.0000000000 0.5000000000 0.5000000000 0 0.3000000119 0.2000000030 0.0000000000 1.0000000000 0.5000000000 1 0.0500000007 -0.0000000000 0.0000000000
0.3000000119 0.0000000000 0.2500000000 0.5000000000 0.0000000000 0 0.3000000119 0.2000000030 0.0000000000 1.0000000000 0.5000000000 0 0.3000000119 0.2000000030 0.2500000000 1.0000000000 0.0000000000 1 0.0500000007 -0.0000000000 0.0000000000
0.3000000119 -0.2000000030 0.0000000000 0.0000000000 0.5000000000 0 0.3000000119 -0.2000000030 -0.2500000000 0.0000000000 1.0000000000 1 0.3000000119 0.0000000000 -0.2500000000 0.5000000000 1.0000000000 1 0.0500000007 -0.0000000000 0.0000000000
0.3000000119 -0.2000000030 0.0000000000 0.0000000000 0.5000000000 0 0.3000000119 0.0000000000 -0.2500000000 0.5000000000 1.0000000000 0 0.3000000119 0.0000000000 0.0000000000 0.5000000000 0.5000000000 0 0.0500000007 -0.0000000000 0.0000000000
0.3000000119 0.0000000000 0.0000000000 0.5000000000 0.5000000000 0 0.3000000119 0.0000000000 -0.2500000000 0.5000000000 1.0000000000 0 0.3000000119 0.2000000030 -0.2500000000 1.0000000000 1.0000000000 1 0.0500000007 -0.0000000000 0.0000000000
0.3000000119 0.0000000000 0.0000000000 0.5000000000 0.5000000000 0 0.3000000119 0.2000000030 -0.2500000000 1.0000000000 1.0000000000 0 0.3000000119 0.2000000030 0.0000000000 1.0000000000 0.5000000000 0 0.0500000007 -0.0000000000 0.0000000000
-0.3000000119 -0.2000000030 0.2500000000 0.0000000000 0.0000000000 1 -0.3000000119 -0.2000000030 0.0000000000 0.0000000000 0.5000000000 1 0.0000000000 -0.2000000030 0.0000000000 0.5000000000 0.5000000000 1 0.0000000000 -0.0750000030 0.0000000000
-0.3000000119 -0.2000000030 0.2500000000 0.0000000000 0.0000000000 0 0.0000000000 -0.2000000030 0.0000000000 0.5000000000 0.5000000000 0 0.0000000000 -0.2000000030 0.2500000000 0.5000000000 0.0000000000 1 0.0000000000 -0.0750000030 0.0000000000
0.0000000000 -0.2000000030 0.2500000000 0.5000000000 0.0000000000 0 0.0000000000 -0.2000000030 0.0000000000 0.5000000000 0.5000000000 0 0.3000000119 -0.2000000030 0.0000000000 1.0000000000 0.5000000000 0 0.0000000000 -0.0750000030 0.0000000000
0.0000000000 -0.2000000030 0.2500000000 0.5000000000 0.0000000000 0 0.3000000119 -0.2000000030 0.0000000000 1.0000000000 0.5000000000 0 0.3000000119 -0.2000000030 0.2500000000 1.0000000000 0.0000000000 0 0.0000000000 -0.0750000030 0.0000000000
-0.3000000119 -0.2000000030 0.0000000000 0.0000000000 0.5000000000 0 -0.3000000119 -0.2000000030 -0.2500000000 0.0000000000 1.0000000000 1 0.0000000000 -0.2000000030 -0.2500000000 0.5000000000 1.0000000000 1 0.0000000000 -0.0750000030 0.0000000000
-0.3000000119 -0.2000000030 0.0000000000 0.0000000000 0.5000000000 0 0.0000000000 -0.2000000030 -0.2500000000 0.5000000000 1.0000000000 0 0.0000000000 -0.2000000030 0.0000000000 0.5000000000 0.5000000000 0 0.0000000000 -0.0750000030 0.0000000000
0.0000000000 -0.2000000030 0.0000000000 0.5000000000 0.5000000000 0 0.0000000000 -0.2000000030 -0.2500000000 0.5000000000 1.0000000000 0 0.3000000119 -0.2000000030 -0.2500000000 1.0000000000 1.0000000000 0 0.0000000000 -0.0750000030 0.0000000000
0.0000000000 -0.2000000030 0.0000000000 0.5000000000 0.5000000000 0 0.3000000119 -0.2000000030 -0.2500000000 1.0000000000 1.0000000000 0 0.3000000119 -0.2000000030 0.0000000000 1.0000000000 0.5000000000 0 0.0000000000 -0.0750000030 0.0000000000
-0.3000000119 0.2000000030 0.2500000000 0.0000000000 0.0000000000 1 -0.3000000119 0.2000000030 0.0000000000 0.0000000000 0.5000000000 1 -0.3000000119 0.0000000000 0.0000000000 0.5000000000 0.5000000000 1 -0.0500000007 -0.0000000000 -0.0000000000
-0.3000000119 0.2000000030 0.2500000000 0.0000000000 0.0000000000 0 -0.3000000119 0.0000000000 0.0000000000 0.5000000000 0.5000000000 0 -0.3000000119 0.0000000000 0.2500000000 0.5000000000 0.0000000000 1 -0.0500000007 -0.0000000000 0.0000000000
-0.3000000119 0.0000000000 0.2500000000 0.5000000000 0.0000000000 0 -0.3000000119 0.0000000000 0.0000000000 0.5000000000 0.5000000000 0 -0.3000000119 -0.2000000030 0.0000000000 1.0000000000 0.5000000000 0 -0.0500000007 -0.0000000000 -0.0000000000
-0.3000000119 0.0000000000 0.2500000000 0.5000000000 0.0000000000 0 -0.3000000119 -0.2000000030 0.0000000000 1.0000000000 0.5000000000 0 -0.3000000119 -0.2000000030 0.2500000000 1.0000000000 0.0000000000 0 -0.0500000007 -0.0000000000 0.0000000000
-0.3000000119 0.2000000030 0.0000000000 0.0000000000 0.5000000000 0 -0.3000000119 0.2000000030 -0.2500000000 0.0000000000 1.0000000000 1 -0.3000000119 0.0000000000 -0.2500000000 0.5000000000 1.0000000000 1 -0.0500000007 -0.0000000000 -0.0000000000
-0.3000000119 0.2000000030 0.0000000000 0.0000000000 0.5000000000 0 -0.3000000119 0.0000000000 -0.2500000000 0.5000000000 1.0000000000 0 -0.3000000119 0.0000000000 0.0000000000 0.5000000000 0.5000000000 0 -0.0500000007 -0.0000000000 0.0000000000
-0.3000000119 0.0000000000 0.0000000000 0.5000000000 0.5000000000 0 -0.3000000119 0.0000000000 -0.2500000000 0.5000000000 1.0000000000 0 -0.3000000119 -0.2000000030 -0.2500000000 1.0000000000 1.0000000000 0 -0.0500000007 -0.0000000000 -0.0000000000
-0.3000000119 0.0000000000 0.0000000000 0.5000000000 0.5000000000 0 -0.3000000119 -0.2000000030 -0.2500000000 1.0000000000 1.0000000000 0 -0.3000000119 -0.2000000030 0.0000000000 1.0000000000 0.5000000000 0 -0.0500000007 -0.0000000000 0.0000000000
0.3000000119 0.2000000030 0.2500000000 0.0000000000 0.0000000000 0 0.3000000119 0.2000000030 0.0000000000 0.0000000000 0.5000000000 0 0.0000000000 0.2000000030 0.0000000000 0.5000000000 0.5000000000 1 0.0000000000 0.0750000030 0.0000000000
0.3000000119 0.2000000030 0.2500000000 0.0000000000 0.0000000000 0 0.0000000000 0.2000000030 0.0000000000 0.5000000000 0.5000000000 0 0.0000000000 0.2000000030 0.2500000000 0.5000000000 0.0000000000 1 0.0000000000 0.0750000030 -0.0000000000
0.0000000000 0.2000000030 0.2500000000 0.5000000000 0.0000000000 0 0.0000000000 0.2000000030 0.0000000000 0.5000000000 0.5000000000 0 -0.3000000119 0.2000000030 0.0000000000 1.0000000000 0.5000000000 0 0.0000000000 0.0750000030 0.0000000000
0.0000000000 0.2000000030 0.2500000000 0.5000000000 0.0000000000 0 -0.3000000119 0.2000000030 0.0000000000 1.0000000000 0.5000000000 0 -0.3000000119 0.2000000030 0.2500000000 1.0000000000 0.0000000000 0 0.0000000000 0.0750000030 -0.0000000000
0.3000000119 0.2000000030 0.0000000000 0.0000000000 0.5000000000 0 0.3000000119 0.2000000030 -0.2500000000 0.0000000000 1.0000000000 0 0.0000000000 0.2000000030 -0.2500000000 0.5000000000 1.0000000000 1 0.0000000000 0.0750000030 0.0000000000
0.3000000119 0.2000000030 0.0000000000 0.0000000000 0.5000000000 0 0.0000000000 0.2000000030 -0.2500000000 0.5000000000 1.0000000000 0 0.0000000000 0.2000000030 0.0000000000 0.5000000000 0.5000000000 0 0.0000000000 0.0750000030 -0.0000000000
0.0000000000 0.2000000030 0.0000000000 0.5000000000 0.5000000000 0 0.0000000000 0.2000000030 -0.2500000000 0.5000000000 1.0000000000 0 -0.3000000119 0.2000000030 -0.2500000000 1.0000000000 1.0000000000 0 0.0000000000 0.0750000030 0.0000000000
0.0000000000 0.2000000030 0.0000000000 0.5000000000 0.5000000000 0 -0.3000000119 0.2000000030 -0.2500000000 1.0000000000 1.0000000000 0 -0.3000000119 0.2000000030 0.0000000000 1.0000000000 0.5000000000 0 0.0000000000 0.0750000030 -0.0000000000
-0.3000000119 -0.2000000030 0.2500000000 0.0000000000 0.0000000000 0 0.0000000000 -0.2000000030 0.2500000000 0.0000000000 0.5000000000 0 0.0000000000 0.0000000000 0.2500000000 0.5000000000 0.5000000000 1 0.0000000000 0.0000000000 0.0600000024
-0.3000000119 -0.2000000030 0.2500000000 0.0000000000 0.0000000000 0 0.0000000000 0.0000000000 0.2500000000 0.5000000000 0.5000000000 0 -0.3000000119 0.0000000000 0.2500000000 0.5000000000 0.0000000000 0 0.0000000000 -0.0000000000 0.0600000024
-0.3000000119 0.0000000000 0.2500000000 0.5000000000 0.0000000000 0 0.0000000000 0.0000000000 0.2500000000 0.5000000000 0.5000000000 0 0.0000000000 0.2000000030 0.2500000000 1.0000000000 0.5000000000 0 0.0000000000 0.0000000000 0.0600000024
-0.3000000119 0.0000000000 0.2500000000 0.5000000000 0.0000000000 0 0.0000000000 0.2000000030 0.2500000000 1.0000000000 0.5000000000 0 -0.3000000119 0.2000000030 0.2500000000 1.0000000000 0.0000000000 0 0.0000000000 -0.0000000000 0.0600000024
0.0000000000 -0.2000000030 0.2500000000 0.0000000000 0.5000000000 0 0.3000000119 -0.2000000030 0.2500000000 0.0000000000 1.0000000000 0 0.3000000119 0.0000000000 0.2500000000 0.5000000000 1.0000000000 0 0.0000000000 0.0000000000 0.0600000024
0.0000000000 -0.2000000030 0.2500000000 0.0000000000 0.5000000000 0 0.3000000119 0.0000000000 0.2500000000 0.5000000000 1.0000000000 0 0.0000000000 0.0000000000 0.2500000000 0.5000000000 0.5000000000 0 0.0000000000 -0.0000000000 0.0600000024
0.0000000000 0.0000000000 0.2500000000 0.5000000000 0.5000000000 0 0.3000000119 0.0000000000 0.2500000000 0.5000000000 1.0000000000 0 0.3000000119 0.2000000030 0.2500000000 1.0000000000 1.0000000000 0 0.0000000000 0.0000000000 0.0600000024
0.0000000000 0.0000000000 0.2500000000 0.5000000000 0.5000000000 0 0.3000000119 0.2000000030 0.2500000000 1.0000000000 1.0000000000 0 0.0000000000 0.2000000030 0.2500000000 1.0000000000 0.5000000000 0 0.0000000000 -0.0000000000 0.0600000024
0.3000000119 -0.2000000030 -0.2500000000 0.0000000000 0.0000000000 0 0.0000000000 -0.2000000030 -0.2500000000 0.0000000000 0.5000000000 0 0.0000000000 0.0000000000 -0.2500000000 0.5000000000 0.5000000000 1 0.0000000000 0.0000000000 -0.0600000024
0.3000000119 -0.2000000030 -0.2500000000 0.0000000000 0.0000000000 0 0.0000000000 0.0000000000 -0.2500000000 0.5000000000 0.5000000000 0 0.3000000119 0.0000000000 -0.2500000000 0.5000000000 0.0000000000 0 0.0000000000 0.0000000000 -0.0600000024
0.3000000119 0.0000000000 -0.2500000000 0.5000000000 0.0000000000 0 0.0000000000 0.0000000000 -0.2500000000 0.5000000000 0.5000000000 0 0.0000000000 0.2000000030 -0.2500000000 1.0000000000 0.5000000000 0 0.0000000000 0.0000000000 -0.0600000024
0.3000000119 0.0000000000 -0.2500000000 0.5000000000 0.0000000000 0 0.0000000000 0.2000000030 -0.2500000000 1.0000000000 0.5000000000 0 0.3000000119 0.2000000030 -0.2500000000 1.0000000000 0.0000000000 0 0.0000000000 0.0000000000 -0.0600000024
0.0000000000 -0.2000000030 -0.2500000000 0.0000000000 0.5000000000 0 -0.3000000119 -0.2000000030 -0.2500000000 0.0000000000 1.0000000000 0 -0.3000000119 0.0000000000 -0.2500000000 0.5000000000 1.0000000000 0 0.0000000000 0.0000000000 -0.0600000024
0.0000000000 -0.2000000030 -0.2500000000 0.0000000000 0.5000000000 0 -0.3000000119 0.0000000000 -0.2500000000 0.5000000000 1.0000000000 0 0.0000000000 0.0000000000 -0.2500000000 0.5000000000 0.5000000000 0 0.0000000000 0.0000000000 -0.0600000024
0.0000000000 0.0000000000 -0.2500000000 0.5000000000 0.5000000000 0 -0.3000000119 0.0000000000 -0.2500000000 0.5000000000 1.0000000000 0 -0.3000000119 0.2000000030 -0.2500000000 1.0000000000 1.0000000000 0 0.0000000000 0.0000000000 -0.0600000024
0.0000000000 0.0000000000 -0.2500000000 0.5000000000 0.5000000000 0 -0.3000000119 0.2000000030 -0.2500000000 1.0000000000 1.0000000000 0 0.0000000000 0.2000000030 -0.2500000000 1.0000000000 0.5000000000 0 0.0000000000 0.0000000000 -0.0600000024
0.0216000015 0.0000000000 0.0000000000 0.0000000000 0.0096000002 0.0000000000 0.0000000000 0.0000000000 0.0149999994