12 0.0640000030 6.1999998093 0.7500000000 0.3464101738
0.2000000030 0.2000000030 0.2000000030 1.0000000000 0.00000000001 0.2000000030 -0.2000000030 0.2000000030 0.0000000000 0.00000000001 0.2000000030 -0.2000000030 -0.2000000030 0.0000000000 1.00000000001 0.1600000113 0.0000000000 0.0000000000
0.2000000030 0.2000000030 0.2000000030 1.0000000000 0.00000000000 0.2000000030 -0.2000000030 -0.2000000030 0.0000000000 1.00000000000 0.2000000030 0.2000000030 -0.2000000030 1.0000000000 1.00000000001 0.1600000113 -0.0000000000 0.0000000000
0.2000000030 -0.2000000030 0.2000000030 1.0000000000 0.00000000000 -0.2000000030 -0.2000000030 0.2000000030 0.0000000000 0.00000000001 -0.2000000030 -0.2000000030 -0.2000000030 0.0000000000 1.00000000001 -0.0000000000 -0.1600000113 -0.0000000000
0.2000000030 -0.2000000030 0.2000000030 1.0000000000 0.00000000000 -0.2000000030 -0.2000000030 -0.2000000030 0.0000000000 1.00000000000 0.2000000030 -0.2000000030 -0.2000000030 1.0000000000 1.00000000000 0.0000000000 -0.1600000113 -0.0000000000
-0.2000000030 -0.2000000030 0.2000000030 1.0000000000 0.00000000000 -0.2000000030 0.2000000030 0.2000000030 0.0000000000 0.00000000001 -0.2000000030 0.2000000030 -0.2000000030 0.0000000000 1.00000000001 -0.1600000113 0.0000000000 0.0000000000
-0.2000000030 -0.2000000030 0.2000000030 1.0000000000 0.00000000000 -0.2000000030 0.2000000030 -0.2000000030 0.0000000000 1.00000000000 -0.2000000030 -0.2000000030 -0.2000000030 1.0000000000 1.00000000000 -0.1600000113 -0.0000000000 -0.0000000000
-0.2000000030 0.2000000030 0.2000000030 1.0000000000 0.00000000000 0.2000000030 0.2000000030 0.2000000030 0.0000000000 0.00000000000 0.2000000030 0.2000000030 -0.2000000030 0.0000000000 1.00000000000 -0.0000000000 0.1600000113 0.0000000000
-0.2000000030 0.2000000030 0.2000000030 1.0000000000 0.00000000000 0.2000000030 0.2000000030 -0.2000000030 0.0000000000 1.00000000000 -0.2000000030 0.2000000030 -0.2000000030 1.0000000000 1.00000000000 0.0000000000 0.1600000113 0.0000000000
-0.2000000030 -0.2000000030 0.2000000030 1.0000000000 0.00000000000 0.2000000030 -0.2000000030 0.2000000030 0.0000000000 0.00000000000 0.2000000030 0.2000000030 0.2000000030 0.0000000000 1.00000000000 0.0000000000 0.0000000000 0.1600000113
-0.2000000030 -0.2000000030 0.2000000030 1.0000000000 0.00000000000 0.2000000030 0.2000000030 0.2000000030 0.0000000000 1.00000000000 -0.2000000030 0.2000000030 0.2000000030 1.0000000000 1.00000000000 0.0000000000 -0.0000000000 0.1600000113
-0.2000000030 -0.2000000030 -0.2000000030 1.0000000000 0.00000000000 0.2000000030 0.2000000030 -0.2000000030 0.0000000000 0.00000000000 0.2000000030 -0.2000000030 -0.2000000030 0.0000000000 1.00000000000 0.0000000000 0.0000000000 -0.1600000113
-0.2000000030 -0.2000000030 -0.2000000030 1.0000000000 0.00000000000 -0.2000000030 0.2000000030 -0.2000000030 0.0000000000 1.00000000000 0.2000000030 0.2000000030 -0.2000000030 1.0000000000 1.00000000000 0.0000000000 0.0000000000 -0.1600000113
0.0051200005 -0.0000000000 -0.0000000000 -0.0000000000 0.0051200005 0.0000000000 -0.0000000000 0.0000000000 0.0051200005