12 0.064000 1.0 0.5
0.200000 0.200000 0.200000 0.200000 -0.200000 0.200000 0.200000 0.200000 -0.200000 0.160000 0.000000 0.000000
0.200000 -0.200000 0.200000 0.200000 -0.200000 -0.200000 0.200000 0.200000 -0.200000 0.160000 -0.000000 0.000000
-0.200000 0.200000 0.200000 -0.200000 -0.200000 0.200000 0.200000 -0.200000 0.200000 -0.000000 0.000000 0.160000
-0.200000 0.200000 0.200000 0.200000 -0.200000 0.200000 0.200000 0.200000 0.200000 -0.000000 0.000000 0.160000
-0.200000 0.200000 -0.200000 -0.200000 -0.200000 -0.200000 -0.200000 -0.200000 0.200000 -0.160000 0.000000 0.000000
-0.200000 0.200000 -0.200000 -0.200000 -0.200000 0.200000 -0.200000 0.200000 0.200000 -0.160000 0.000000 0.000000
0.200000 0.200000 -0.200000 0.200000 -0.200000 -0.200000 -0.200000 -0.200000 -0.200000 -0.000000 -0.000000 -0.160000
0.200000 0.200000 -0.200000 -0.200000 -0.200000 -0.200000 -0.200000 0.200000 -0.200000 -0.000000 0.000000 -0.160000
-0.200000 0.200000 -0.200000 -0.200000 0.200000 0.200000 0.200000 0.200000 0.200000 0.000000 0.160000 0.000000
-0.200000 0.200000 -0.200000 0.200000 0.200000 0.200000 0.200000 0.200000 -0.200000 -0.000000 0.160000 0.000000
-0.200000 -0.200000 -0.200000 0.200000 -0.200000 -0.200000 0.200000 -0.200000 0.200000 0.000000 -0.160000 0.000000
-0.200000 -0.200000 -0.200000 0.200000 -0.200000 0.200000 -0.200000 -0.200000 0.200000 0.000000 -0.160000 0.000000
